Mugast_T1_DSSD_X1_T 510.399 -0.0621189	5.34552e-08
Mugast_T1_DSSD_X2_T 514.879 -0.0630615	9.49668e-08
Mugast_T1_DSSD_X3_T 518.782 -0.0634888	9.20821e-08
Mugast_T1_DSSD_X4_T 519.402 -0.0635396	7.35502e-08
Mugast_T1_DSSD_X5_T 523.977 -0.0644323	1.20279e-07
Mugast_T1_DSSD_X6_T 527.226 -0.0643751	7.72974e-08
Mugast_T1_DSSD_X7_T 524.704 -0.064221	7.68461e-08
Mugast_T1_DSSD_X8_T 525.584 -0.0641569	6.31619e-08
Mugast_T1_DSSD_X9_T 528.048 -0.0643419	5.33998e-08
Mugast_T1_DSSD_X10_T 533.497 -0.0656429	1.33794e-07
Mugast_T1_DSSD_X11_T 534.084 -0.0648606	2.95562e-08
Mugast_T1_DSSD_X12_T 534.039 -0.0651721	7.99937e-08
Mugast_T1_DSSD_X13_T 532.921 -0.0655818	1.26665e-07
Mugast_T1_DSSD_X14_T 533.815 -0.0653557	8.07184e-08
Mugast_T1_DSSD_X15_T 531.953 -0.0651671	8.00012e-08
Mugast_T1_DSSD_X16_T 534.766 -0.0656847	1.33907e-07
Mugast_T1_DSSD_X17_T 500.282 -0.0602426	-6.51177e-09
Mugast_T1_DSSD_X18_T 506.385 -0.0613538	4.51169e-08
Mugast_T1_DSSD_X19_T 507.226 -0.0617993	7.89586e-08
Mugast_T1_DSSD_X20_T 509.314 -0.0619656	7.4933e-08
Mugast_T1_DSSD_X21_T 511.205 -0.0617489	2.31713e-08
Mugast_T1_DSSD_X22_T 509.015 -0.0615005	1.15429e-08
Mugast_T1_DSSD_X23_T 516.18 -0.0626349	5.00124e-08
Mugast_T1_DSSD_X24_T 519.446 -0.0623793	6.58671e-09
Mugast_T1_DSSD_X25_T 518.271 -0.0626584	4.29331e-08
Mugast_T1_DSSD_X26_T 518.712 -0.0627317	2.31852e-08
Mugast_T1_DSSD_X27_T 521.594 -0.0635468	7.10353e-08
Mugast_T1_DSSD_X28_T 520.853 -0.063808	1.17051e-07
Mugast_T1_DSSD_X29_T 521.028 -0.0632516	5.06143e-08
Mugast_T1_DSSD_X30_T 520 -0.063058	4.35609e-08
Mugast_T1_DSSD_X31_T 518.618 -0.0630387	5.97795e-08
Mugast_T1_DSSD_X32_T 592.782 -0.00841956	-7.65741e-06
Mugast_T1_DSSD_X33_T 1015.82 -0.124651	1.42356e-07
Mugast_T1_DSSD_X34_T 1026.35 -0.126265	1.93798e-07
Mugast_T1_DSSD_X35_T 1039.08 -0.127141	1.07325e-07
Mugast_T1_DSSD_X36_T 1042.85 -0.128532	2.12379e-07
Mugast_T1_DSSD_X37_T 1028.9 -0.126367	1.53343e-07
Mugast_T1_DSSD_X38_T 1039.92 -0.127658	1.45724e-07
Mugast_T1_DSSD_X39_T 1041.91 -0.128293	2.01159e-07
Mugast_T1_DSSD_X40_T 1051.72 -0.129236	1.80264e-07
Mugast_T1_DSSD_X41_T 1051.6 -0.129034	1.43063e-07
Mugast_T1_DSSD_X42_T 1049.99 -0.129192	1.86701e-07
Mugast_T1_DSSD_X43_T 1050.15 -0.128884	1.61256e-07
Mugast_T1_DSSD_X44_T 1061.91 -0.13087	2.13293e-07
Mugast_T1_DSSD_X45_T 1062.04 -0.130529	1.84757e-07
Mugast_T1_DSSD_X46_T 1056.57 -0.12982	1.61003e-07
Mugast_T1_DSSD_X47_T 1056.4 -0.12995	1.98221e-07
Mugast_T1_DSSD_X48_T 1065.1 -0.13067	1.6938e-07
Mugast_T1_DSSD_X49_T 1025.56 -0.124746	4.93962e-08
Mugast_T1_DSSD_X50_T 1042.44 -0.12757	1.49042e-07
Mugast_T1_DSSD_X51_T 1051.12 -0.128049	6.17053e-08
Mugast_T1_DSSD_X52_T 1047.29 -0.127817	8.97053e-08
Mugast_T1_DSSD_X53_T 1051.11 -0.127942	6.84504e-08
Mugast_T1_DSSD_X54_T 1057.79 -0.128219	1.07699e-10
Mugast_T1_DSSD_X55_T 1060.03 -0.129274	9.44459e-08
Mugast_T1_DSSD_X56_T 1061.22 -0.130073	1.56169e-07
Mugast_T1_DSSD_X57_T 1055.75 -0.12886	9.18702e-08
Mugast_T1_DSSD_X58_T 1064.1 -0.130016	1.26906e-07
Mugast_T1_DSSD_X59_T 1066.14 -0.129625	3.06928e-08
Mugast_T1_DSSD_X60_T 1065.15 -0.129724	4.32794e-08
Mugast_T1_DSSD_X61_T 1087.91 -0.131578	-7.21513e-11
Mugast_T1_DSSD_X62_T 1084.18 -0.132345	9.26664e-08
Mugast_T1_DSSD_X63_T 1082.03 -0.132222	1.2613e-07
Mugast_T1_DSSD_X64_T 1083.47 -0.131868	7.72432e-08
Mugast_T1_DSSD_X65_T 1018.44 -0.125162	1.62572e-07
Mugast_T1_DSSD_X66_T 1044.73 -0.12866	2.03723e-07
Mugast_T1_DSSD_X67_T 1048.33 -0.12861	1.55682e-07
Mugast_T1_DSSD_X68_T 1055.6 -0.129587	1.57621e-07
Mugast_T1_DSSD_X69_T 1052.5 -0.129142	1.4018e-07
Mugast_T1_DSSD_X70_T 1072.98 -0.131399	1.14298e-07
Mugast_T1_DSSD_X71_T 1058.64 -0.130059	1.53258e-07
Mugast_T1_DSSD_X72_T 1059.2 -0.129692	1.15734e-07
Mugast_T1_DSSD_X73_T 1069.35 -0.131217	1.50359e-07
Mugast_T1_DSSD_X74_T 1086.53 -0.12732	-3.07761e-07
Mugast_T1_DSSD_X75_T 1071.65 -0.131496	1.3044e-07
Mugast_T1_DSSD_X76_T 1075 -0.131672	1.17782e-07
Mugast_T1_DSSD_X77_T 1076.91 -0.13209	1.54514e-07
Mugast_T1_DSSD_X78_T 1076.95 -0.131953	1.21719e-07
Mugast_T1_DSSD_X79_T 1084.45 -0.132242	5.60336e-08
Mugast_T1_DSSD_X80_T 1092.3 -0.133515	1.05699e-07
Mugast_T1_DSSD_X81_T 1000.69 -0.122608	1.42446e-07
Mugast_T1_DSSD_X82_T 1015.02 -0.123809	7.75748e-08
Mugast_T1_DSSD_X83_T 1009.2 -0.123197	1.09716e-07
Mugast_T1_DSSD_X84_T 1023.62 -0.124914	9.36263e-08
Mugast_T1_DSSD_X85_T 1028.4 -0.126146	1.62951e-07
Mugast_T1_DSSD_X86_T 1025.01 -0.125002	6.95582e-08
Mugast_T1_DSSD_X87_T 1023.79 -0.124372	2.50707e-08
Mugast_T1_DSSD_X88_T 1031.69 -0.125688	5.32212e-08
Mugast_T1_DSSD_X89_T 1029.53 -0.125001	1.10775e-10
Mugast_T1_DSSD_X90_T 1045.21 -0.127353	7.99604e-08
Mugast_T1_DSSD_X91_T 1044.27 -0.127676	1.48243e-07
Mugast_T1_DSSD_X92_T 1042.01 -0.126741	5.23792e-08
Mugast_T1_DSSD_X93_T 1045.82 -0.127612	8.6689e-08
Mugast_T1_DSSD_X94_T 723.83 -0.0503053	-4.9329e-06
Mugast_T1_DSSD_X95_T 1049.72 -0.12772	3.78458e-08
Mugast_T1_DSSD_X96_T 1045.71 -0.127637	9.76088e-08
Mugast_T1_DSSD_X97_T 1012.21 -0.124281	1.58661e-07
Mugast_T1_DSSD_X98_T 1023.09 -0.126009	2.05918e-07
Mugast_T1_DSSD_X99_T 1031.41 -0.126714	1.86309e-07
Mugast_T1_DSSD_X100_T 1039.74 -0.12786	1.98713e-07
Mugast_T1_DSSD_X101_T 1023.05 -0.125024	9.10576e-08
Mugast_T1_DSSD_X102_T 1028.34 -0.125504	6.97944e-08
Mugast_T1_DSSD_X103_T 1029.63 -0.126338	1.50995e-07
Mugast_T1_DSSD_X104_T 1040.84 -0.126983	1.16495e-07
Mugast_T1_DSSD_X105_T 1041.02 -0.127902	1.70484e-07
Mugast_T1_DSSD_X106_T 1048.23 -0.128667	1.92249e-07
Mugast_T1_DSSD_X107_T 1049.35 -0.128892	1.61639e-07
Mugast_T1_DSSD_X108_T 1046.9 -0.128882	1.97971e-07
Mugast_T1_DSSD_X109_T 933.877 -0.0917181	-2.6806e-06
Mugast_T1_DSSD_X110_T 1052.82 -0.129198	1.48428e-07
Mugast_T1_DSSD_X111_T 1065.56 -0.130626	1.33503e-07
Mugast_T1_DSSD_X112_T 1057.18 -0.130256	2.27339e-07
Mugast_T1_DSSD_X113_T 999.755 -0.121945	8.43369e-08
Mugast_T1_DSSD_X114_T 1000.7 -0.122121	9.52466e-08
Mugast_T1_DSSD_X115_T 1002.38 -0.122181	7.10299e-08
Mugast_T1_DSSD_X116_T 1009.39 -0.123269	7.63292e-08
Mugast_T1_DSSD_X117_T 1001.02 -0.122321	1.03001e-07
Mugast_T1_DSSD_X118_T 1008.4 -0.122695	3.0438e-08
Mugast_T1_DSSD_X119_T 1009.84 -0.123242	8.03502e-08
Mugast_T1_DSSD_X120_T 1015.56 -0.124133	9.64962e-08
Mugast_T1_DSSD_X121_T 1026.96 -0.125064	4.41198e-08
Mugast_T1_DSSD_X122_T 1026.43 -0.124887	3.37513e-08
Mugast_T1_DSSD_X123_T 1026.76 -0.124865	2.84604e-08
Mugast_T1_DSSD_X124_T 1039.02 -0.126509	9.5988e-08
Mugast_T1_DSSD_X125_T 969.974 -0.106384	-1.38706e-06
Mugast_T1_DSSD_X126_T 1032.26 -0.126439	1.34449e-07
Mugast_T1_DSSD_X127_T 1036.35 -0.126788	1.34568e-07
Mugast_T1_DSSD_X128_T 1035.18 -0.125428	-1.58436e-08
