Mugast_T1_DSSD_X1_T 502.932 -0.058503	-3.1359e-07
Mugast_T1_DSSD_X2_T 505.83 -0.0589079	-3.15997e-07
Mugast_T1_DSSD_X3_T 520.545 -0.0641899	1.55918e-07
Mugast_T1_DSSD_X4_T 522.237 -0.0646014	1.66789e-07
Mugast_T1_DSSD_X5_T 525.34 -0.0649455	1.65499e-07
Mugast_T1_DSSD_X6_T 529.527 -0.0652486	1.54675e-07
Mugast_T1_DSSD_X7_T 527.13 -0.065112	1.53967e-07
Mugast_T1_DSSD_X8_T 528.628 -0.0652869	1.61723e-07
Mugast_T1_DSSD_X9_T 529.873 -0.0649719	1.0546e-07
Mugast_T1_DSSD_X10_T 533.74 -0.0658014	1.51628e-07
Mugast_T1_DSSD_X11_T 537.225 -0.0659357	1.17862e-07
Mugast_T1_DSSD_X12_T 536.857 -0.0662129	1.70403e-07
Mugast_T1_DSSD_X13_T 533.776 -0.065948	1.6144e-07
Mugast_T1_DSSD_X14_T 535.71 -0.0660781	1.44876e-07
Mugast_T1_DSSD_X15_T 534.529 -0.066107	1.61017e-07
Mugast_T1_DSSD_X16_T 535.664 -0.0660934	1.73993e-07
Mugast_T1_DSSD_X17_T 503.039 -0.0612699	8.31995e-08
Mugast_T1_DSSD_X18_T 507.069 -0.0616558	7.43199e-08
Mugast_T1_DSSD_X19_T 507.32 -0.061883	8.90936e-08
Mugast_T1_DSSD_X20_T 509.951 -0.0622056	9.60414e-08
Mugast_T1_DSSD_X21_T 512.892 -0.0623791	7.82262e-08
Mugast_T1_DSSD_X22_T 511.453 -0.0623981	8.93767e-08
Mugast_T1_DSSD_X23_T 517.531 -0.0631749	9.92638e-08
Mugast_T1_DSSD_X24_T 522.199 -0.0633862	9.32858e-08
Mugast_T1_DSSD_X25_T 519.404 -0.0630713	7.83358e-08
Mugast_T1_DSSD_X26_T 520.454 -0.0634249	8.6324e-08
Mugast_T1_DSSD_X27_T 522.017 -0.0637582	9.26744e-08
Mugast_T1_DSSD_X28_T 519.887 -0.063543	9.93695e-08
Mugast_T1_DSSD_X29_T 522.391 -0.0637817	9.82902e-08
Mugast_T1_DSSD_X30_T 521.388 -0.0635788	8.92427e-08
Mugast_T1_DSSD_X31_T 519.32 -0.0633916	9.58399e-08
Mugast_T1_DSSD_X32_T 680.497 -0.0596126	-2.89353e-06
Mugast_T1_DSSD_X33_T 1018.45 -0.125515	2.11009e-07
Mugast_T1_DSSD_X34_T 1027.15 -0.126529	2.14598e-07
Mugast_T1_DSSD_X35_T 1039.68 -0.12734	1.23286e-07
Mugast_T1_DSSD_X36_T 1042.98 -0.128578	2.16151e-07
Mugast_T1_DSSD_X37_T 1030.86 -0.127003	2.03499e-07
Mugast_T1_DSSD_X38_T 1039.94 -0.127668	1.46746e-07
Mugast_T1_DSSD_X39_T 1041.34 -0.128103	1.8588e-07
Mugast_T1_DSSD_X40_T 1052.34 -0.129438	1.96322e-07
Mugast_T1_DSSD_X41_T 1051.85 -0.129116	1.49737e-07
Mugast_T1_DSSD_X42_T 1050.34 -0.129304	1.95406e-07
Mugast_T1_DSSD_X43_T 1050.74 -0.129075	1.76226e-07
Mugast_T1_DSSD_X44_T 1060.75 -0.130494	1.83745e-07
Mugast_T1_DSSD_X45_T 1062.36 -0.130632	1.92674e-07
Mugast_T1_DSSD_X46_T 1057.24 -0.130036	1.77891e-07
Mugast_T1_DSSD_X47_T 1056.18 -0.12988	1.92843e-07
Mugast_T1_DSSD_X48_T 1066.27 -0.13105	1.99333e-07
Mugast_T1_DSSD_X49_T 1027.14 -0.125262	9.00819e-08
Mugast_T1_DSSD_X50_T 1041.8 -0.127368	1.33452e-07
Mugast_T1_DSSD_X51_T 1051.49 -0.12817	7.14116e-08
Mugast_T1_DSSD_X52_T 1047.77 -0.127974	1.01952e-07
Mugast_T1_DSSD_X53_T 1051.48 -0.128062	7.77634e-08
Mugast_T1_DSSD_X54_T 1059.13 -0.128649	3.37754e-08
Mugast_T1_DSSD_X55_T 1059.4 -0.129068	7.81022e-08
Mugast_T1_DSSD_X56_T 1061.85 -0.13028	1.72575e-07
Mugast_T1_DSSD_X57_T 1055.98 -0.128937	9.7994e-08
Mugast_T1_DSSD_X58_T 1064.24 -0.130057	1.2999e-07
Mugast_T1_DSSD_X59_T 1067.64 -0.13011	6.88251e-08
Mugast_T1_DSSD_X60_T 1065.38 -0.129796	4.8738e-08
Mugast_T1_DSSD_X61_T 1087.91 -0.131578	-7.21513e-11
Mugast_T1_DSSD_X62_T 1084.25 -0.132366	9.43333e-08
Mugast_T1_DSSD_X63_T 1082.43 -0.132353	1.36423e-07
Mugast_T1_DSSD_X64_T 1083.91 -0.132012	8.84899e-08
Mugast_T1_DSSD_X65_T 1018.4 -0.125153	1.61926e-07
Mugast_T1_DSSD_X66_T 1043.78 -0.128354	1.79823e-07
Mugast_T1_DSSD_X67_T 1048.61 -0.128701	1.62739e-07
Mugast_T1_DSSD_X68_T 1055.44 -0.129538	1.53829e-07
Mugast_T1_DSSD_X69_T 1054.33 -0.129738	1.87418e-07
Mugast_T1_DSSD_X70_T 1073.28 -0.131498	1.22047e-07
Mugast_T1_DSSD_X71_T 1059.08 -0.130198	1.6409e-07
Mugast_T1_DSSD_X72_T 1060.23 -0.130026	1.42188e-07
Mugast_T1_DSSD_X73_T 1070.79 -0.131686	1.87229e-07
Mugast_T1_DSSD_X74_T 1090.59 -0.128615	-2.07538e-07
Mugast_T1_DSSD_X75_T 1073.2 -0.131998	1.69974e-07
Mugast_T1_DSSD_X76_T 1075.24 -0.131749	1.23842e-07
Mugast_T1_DSSD_X77_T 1077.69 -0.132341	1.74175e-07
Mugast_T1_DSSD_X78_T 1077.44 -0.132112	1.34259e-07
Mugast_T1_DSSD_X79_T 1086.05 -0.132758	9.66131e-08
Mugast_T1_DSSD_X80_T 992.135 -0.100023	-2.59083e-06
Mugast_T1_DSSD_X81_T 999.986 -0.122371	1.23391e-07
Mugast_T1_DSSD_X82_T 1016.35 -0.124245	1.1238e-07
Mugast_T1_DSSD_X83_T 902.028 -0.0888045	-2.57221e-06
Mugast_T1_DSSD_X84_T 1023.68 -0.124926	9.41764e-08
Mugast_T1_DSSD_X85_T 1026.2 -0.125422	1.054e-07
Mugast_T1_DSSD_X86_T 1024.67 -0.124885	5.98969e-08
Mugast_T1_DSSD_X87_T 1024.48 -0.124599	4.30591e-08
Mugast_T1_DSSD_X88_T 1033.96 -0.126425	1.11148e-07
Mugast_T1_DSSD_X89_T 1029.52 -0.125001	8.03976e-11
Mugast_T1_DSSD_X90_T 1045.93 -0.127589	9.87915e-08
Mugast_T1_DSSD_X91_T 1042.99 -0.127268	1.16735e-07
Mugast_T1_DSSD_X92_T 1042.15 -0.126786	5.58589e-08
Mugast_T1_DSSD_X93_T 1045.62 -0.127548	8.15113e-08
Mugast_T1_DSSD_X94_T 812.204 -0.0808095	-2.40421e-06
Mugast_T1_DSSD_X95_T 1049.99 -0.127806	4.45596e-08
Mugast_T1_DSSD_X96_T 1045.68 -0.127629	9.68586e-08
Mugast_T1_DSSD_X97_T 1012.78 -0.124463	1.72898e-07
Mugast_T1_DSSD_X98_T 1022.51 -0.125832	1.92462e-07
Mugast_T1_DSSD_X99_T 1030.86 -0.126537	1.72293e-07
Mugast_T1_DSSD_X100_T 1039.34 -0.127734	1.89082e-07
Mugast_T1_DSSD_X101_T 1024.55 -0.125513	1.29792e-07
Mugast_T1_DSSD_X102_T 1032.34 -0.126806	1.72441e-07
Mugast_T1_DSSD_X103_T 1032.33 -0.127216	2.20244e-07
Mugast_T1_DSSD_X104_T 1041.89 -0.127318	1.42607e-07
Mugast_T1_DSSD_X105_T 1041.56 -0.128082	1.84868e-07
Mugast_T1_DSSD_X106_T 1047.63 -0.128488	1.78944e-07
Mugast_T1_DSSD_X107_T 1049.38 -0.128902	1.62324e-07
Mugast_T1_DSSD_X108_T 1045.67 -0.128488	1.67429e-07
Mugast_T1_DSSD_X109_T 933.877 -0.0917181	-2.6806e-06
Mugast_T1_DSSD_X110_T 833.826 -0.0536501	-6.08133e-06
Mugast_T1_DSSD_X111_T 1066.34 -0.130881	1.5359e-07
Mugast_T1_DSSD_X112_T 830.059 -0.0580682	-5.7997e-06
Mugast_T1_DSSD_X113_T 1000.31 -0.12212	9.78361e-08
Mugast_T1_DSSD_X114_T 1000.7 -0.122128	9.63068e-08
Mugast_T1_DSSD_X115_T 1003.31 -0.122479	9.4262e-08
Mugast_T1_DSSD_X116_T 1008.74 -0.123053	5.90139e-08
Mugast_T1_DSSD_X117_T 999.983 -0.121985	7.63771e-08
Mugast_T1_DSSD_X118_T 1009.6 -0.123089	6.14994e-08
Mugast_T1_DSSD_X119_T 1010.54 -0.12347	9.82881e-08
Mugast_T1_DSSD_X120_T 1014.69 -0.123851	7.44455e-08
Mugast_T1_DSSD_X121_T 1027.81 -0.12534	6.58937e-08
Mugast_T1_DSSD_X122_T 1027.38 -0.125193	5.79553e-08
Mugast_T1_DSSD_X123_T 1026.47 -0.124773	2.12326e-08
Mugast_T1_DSSD_X124_T 1037.9 -0.126144	6.72917e-08
Mugast_T1_DSSD_X125_T 969.974 -0.106384	-1.38706e-06
Mugast_T1_DSSD_X126_T 887.27 -0.0762631	-4.01131e-06
Mugast_T1_DSSD_X127_T 1035.82 -0.126614	1.20723e-07
Mugast_T1_DSSD_X128_T 1033.35 -0.124884	-5.56911e-08
