Mugast_T3_DSSD_X1_T 505.202 -0.0627399	1.34916e-07
Mugast_T3_DSSD_X2_T 511.137 -0.0629359	8.31761e-08
Mugast_T3_DSSD_X3_T 505.994 -0.062552	9.92665e-08
Mugast_T3_DSSD_X4_T 508.504 -0.0628376	9.85908e-08
Mugast_T3_DSSD_X5_T 511.356 -0.0632149	1.0468e-07
Mugast_T3_DSSD_X6_T 512.584 -0.0629069	4.85885e-08
Mugast_T3_DSSD_X7_T 516.839 -0.0637651	1.27805e-07
Mugast_T3_DSSD_X8_T 516.683 -0.0640525	1.33856e-07
Mugast_T3_DSSD_X9_T 517.352 -0.0639562	1.0336e-07
Mugast_T3_DSSD_X10_T 517.941 -0.063881	7.74047e-08
Mugast_T3_DSSD_X11_T 517.229 -0.0638258	7.94e-08
Mugast_T3_DSSD_X12_T 516.35 -0.0636348	6.92186e-08
Mugast_T3_DSSD_X13_T 519.73 -0.0644059	1.12634e-07
Mugast_T3_DSSD_X14_T 525.003 -0.0647082	9.85945e-08
Mugast_T3_DSSD_X15_T 521.955 -0.06459	1.04296e-07
Mugast_T3_DSSD_X16_T 519.906 -0.0647248	1.4253e-07
Mugast_T3_DSSD_X17_T 497.614 -0.0624268	2.52179e-07
Mugast_T3_DSSD_X18_T 499.82 -0.0625245	2.34595e-07
Mugast_T3_DSSD_X19_T 500.074 -0.0630411	3.06299e-07
Mugast_T3_DSSD_X20_T 501.953 -0.0632362	2.60907e-07
Mugast_T3_DSSD_X21_T 508.495 -0.0641055	2.8452e-07
Mugast_T3_DSSD_X22_T 512.9 -0.0650297	3.34321e-07
Mugast_T3_DSSD_X23_T 506.948 -0.0639116	2.82175e-07
Mugast_T3_DSSD_X24_T 512.755 -0.0644724	2.74863e-07
Mugast_T3_DSSD_X25_T 515.882 -0.0652343	3.29334e-07
Mugast_T3_DSSD_X26_T 516.206 -0.0648808	2.93261e-07
Mugast_T3_DSSD_X27_T 517.188 -0.0652254	2.95747e-07
Mugast_T3_DSSD_X28_T 513.095 -0.0645164	2.63537e-07
Mugast_T3_DSSD_X29_T 520.887 -0.0656756	2.91093e-07
Mugast_T3_DSSD_X30_T 517.92 -0.0654632	3.18349e-07
Mugast_T3_DSSD_X31_T 517.195 -0.0649542	2.58048e-07
Mugast_T3_DSSD_X32_T 516.354 -0.0650877	2.96074e-07
Mugast_T3_DSSD_X33_T 958.65 -0.118265	1.27241e-07
Mugast_T3_DSSD_X34_T 969.446 -0.119293	8.86868e-08
Mugast_T3_DSSD_X35_T 962.343 -0.118544	1.03842e-07
Mugast_T3_DSSD_X36_T 967.277 -0.119478	1.46365e-07
Mugast_T3_DSSD_X37_T 970.378 -0.119663	1.20014e-07
Mugast_T3_DSSD_X38_T 965.829 -0.119253	1.47097e-07
Mugast_T3_DSSD_X39_T 972.903 -0.120639	2.09907e-07
Mugast_T3_DSSD_X40_T 967.941 -0.119203	1.04593e-07
Mugast_T3_DSSD_X41_T 976.516 -0.12021	9.05831e-08
Mugast_T3_DSSD_X42_T 990.274 -0.122456	1.66634e-07
Mugast_T3_DSSD_X43_T 985.758 -0.122354	2.27758e-07
Mugast_T3_DSSD_X44_T 993.771 -0.122698	1.43893e-07
Mugast_T3_DSSD_X45_T 986.775 -0.122005	1.64801e-07
Mugast_T3_DSSD_X46_T 977.459 -0.120683	1.42218e-07
Mugast_T3_DSSD_X47_T 987.456 -0.122117	1.71324e-07
Mugast_T3_DSSD_X48_T 1007.54 -0.122347	1.59533e-07
Mugast_T3_DSSD_X49_T 1004.89 -0.126542	4.86272e-07
Mugast_T3_DSSD_X50_T 1008.21 -0.127386	5.35365e-07
Mugast_T3_DSSD_X51_T 1009.68 -0.128369	6.37726e-07
Mugast_T3_DSSD_X52_T 1031.32 -0.130391	5.54336e-07
Mugast_T3_DSSD_X53_T 1026.49 -0.129622	5.29953e-07
Mugast_T3_DSSD_X54_T 1025.76 -0.129424	5.23679e-07
Mugast_T3_DSSD_X55_T 1027.68 -0.129615	5.17171e-07
Mugast_T3_DSSD_X56_T 1028.79 -0.129514	4.84723e-07
Mugast_T3_DSSD_X57_T 1025.26 -0.130116	6.13237e-07
Mugast_T3_DSSD_X58_T 1116.38 -0.16409	3.55346e-06
Mugast_T3_DSSD_X59_T 1051.95 -0.133008	5.67073e-07
Mugast_T3_DSSD_X60_T 1039.58 -0.131315	5.51988e-07
Mugast_T3_DSSD_X61_T 1051.01 -0.132455	5.13727e-07
Mugast_T3_DSSD_X62_T 1101.27 -0.159517	3.19754e-06
Mugast_T3_DSSD_X63_T 1048.79 -0.13289	6.12885e-07
Mugast_T3_DSSD_X64_T 1054.31 -0.132821	4.96836e-07
Mugast_T3_DSSD_X65_T 960.427 -0.119255	2.30595e-07
Mugast_T3_DSSD_X66_T 982.531 -0.122288	2.74103e-07
Mugast_T3_DSSD_X67_T 969.561 -0.119436	1.14609e-07
Mugast_T3_DSSD_X68_T 969.839 -0.120011	1.8435e-07
Mugast_T3_DSSD_X69_T 975.519 -0.1196	1.05865e-07
Mugast_T3_DSSD_X70_T 975.303 -0.121038	2.25829e-07
Mugast_T3_DSSD_X71_T 986.215 -0.12213	1.91193e-07
Mugast_T3_DSSD_X72_T 981.933 -0.12159	1.86576e-07
Mugast_T3_DSSD_X73_T 976.849 -0.121012	1.97204e-07
Mugast_T3_DSSD_X74_T 1006.27 -0.120288	-3.78856e-08
Mugast_T3_DSSD_X75_T 988.939 -0.118675	1.42112e-08
Mugast_T3_DSSD_X76_T 995.344 -0.122348	1.36511e-07
Mugast_T3_DSSD_X77_T 1010.42 -0.121108	-1.31116e-08
Mugast_T3_DSSD_X78_T 1016.15 -0.122048	1.27065e-08
Mugast_T3_DSSD_X79_T 1022.31 -0.12277	1.40726e-08
Mugast_T3_DSSD_X80_T 1005.47 -0.122086	1.57951e-07
Mugast_T3_DSSD_X81_T 988.923 -0.12457	4.69366e-07
Mugast_T3_DSSD_X82_T 988.278 -0.125493	5.98368e-07
Mugast_T3_DSSD_X83_T 1003.19 -0.126902	5.4185e-07
Mugast_T3_DSSD_X84_T 1027.18 -0.130157	5.85515e-07
Mugast_T3_DSSD_X85_T 1007.21 -0.127469	5.53715e-07
Mugast_T3_DSSD_X86_T 1025.31 -0.129663	5.49585e-07
Mugast_T3_DSSD_X87_T 1028.06 -0.130199	5.78095e-07
Mugast_T3_DSSD_X88_T 1019.76 -0.1291	5.67627e-07
Mugast_T3_DSSD_X89_T 1027.25 -0.12989	5.51313e-07
Mugast_T3_DSSD_X90_T 1023.72 -0.128968	4.94917e-07
Mugast_T3_DSSD_X91_T 1034.38 -0.130655	5.34853e-07
Mugast_T3_DSSD_X92_T 1041.83 -0.132204	6.13289e-07
Mugast_T3_DSSD_X93_T 1035.56 -0.131406	6.10886e-07
Mugast_T3_DSSD_X94_T 1057.1 -0.133771	5.85466e-07
Mugast_T3_DSSD_X95_T 1033.3 -0.130755	5.66217e-07
Mugast_T3_DSSD_X96_T 1041.79 -0.132243	6.18877e-07
Mugast_T3_DSSD_X97_T 983.182 -0.117645	-1.26436e-08
Mugast_T3_DSSD_X98_T 1001.16 -0.120034	8.60111e-09
Mugast_T3_DSSD_X99_T 1002.86 -0.120184	-3.21439e-09
Mugast_T3_DSSD_X100_T 1011.02 -0.121335	1.63899e-08
Mugast_T3_DSSD_X101_T 1013.7 -0.120886	-8.33654e-08
Mugast_T3_DSSD_X102_T 1006.05 -0.120034	-7.61276e-08
Mugast_T3_DSSD_X103_T 1012.05 -0.121304	-5.15431e-09
Mugast_T3_DSSD_X104_T 1010.74 -0.125	1.82205e-07
Mugast_T3_DSSD_X105_T 1007.19 -0.120962	3.07489e-08
Mugast_T3_DSSD_X106_T 1017.82 -0.122011	9.07833e-10
Mugast_T3_DSSD_X107_T 1013.51 -0.121207	-4.1879e-08
Mugast_T3_DSSD_X108_T 1021.43 -0.126027	2.06924e-07
Mugast_T3_DSSD_X109_T 1011.44 -0.124868	2.16141e-07
Mugast_T3_DSSD_X110_T 1023.25 -0.122129	-7.29693e-08
Mugast_T3_DSSD_X111_T 1017.27 -0.125094	1.6449e-07
Mugast_T3_DSSD_X112_T 1015.82 -0.122278	3.89918e-08
Mugast_T3_DSSD_X113_T 974.551 -0.123318	5.27145e-07
Mugast_T3_DSSD_X114_T 970.544 -0.122693	5.09622e-07
Mugast_T3_DSSD_X115_T 986.102 -0.124836	5.55657e-07
Mugast_T3_DSSD_X116_T 978.358 -0.123133	4.4364e-07
Mugast_T3_DSSD_X117_T 993.013 -0.125028	4.59006e-07
Mugast_T3_DSSD_X118_T 1008.11 -0.127643	5.54399e-07
Mugast_T3_DSSD_X119_T 1008.83 -0.128071	6.13854e-07
Mugast_T3_DSSD_X120_T 987.736 -0.12455	4.75641e-07
Mugast_T3_DSSD_X121_T 1023.78 -0.128977	4.83672e-07
Mugast_T3_DSSD_X122_T 1011.24 -0.1278	5.27193e-07
Mugast_T3_DSSD_X123_T 1011.78 -0.127714	5.04087e-07
Mugast_T3_DSSD_X124_T 1008.65 -0.128358	6.3766e-07
Mugast_T3_DSSD_X125_T 1024.06 -0.12955	5.50821e-07
Mugast_T3_DSSD_X126_T 1018.33 -0.128967	5.59473e-07
Mugast_T3_DSSD_X127_T 1017.41 -0.128152	4.73663e-07
Mugast_T3_DSSD_X128_T 1023.21 -0.129436	5.39099e-07
