0.00000 1.23486
1.00000 1.20379
2.00000 1.43941
3.00000 1.89537
4.00000 2.78130
5.00000 3.99399
6.00000 4.63185
7.00000 5.80696
8.00000 6.41419
9.00000 7.10198
10.00000 7.86138
11.00000 8.15238
12.00000 8.43430
13.00000 8.40126
14.00000 8.15458
15.00000 7.39211
16.00000 7.33783
17.00000 6.50716
18.00000 5.68617
19.00000 4.84960
20.00000 4.08154
21.00000 3.48423
22.00000 2.55608
23.00000 1.86088
24.00000 1.31371
25.00000 0.95237
26.00000 0.60617
27.00000 0.41497
28.00000 0.33493
29.00000 0.31551
30.00000 0.35381
31.00000 0.42768
32.00000 0.56639
33.00000 0.71563
34.00000 0.92153
35.00000 1.06517
36.00000 1.31183
37.00000 1.32548
38.00000 1.46176
39.00000 1.41882
40.00000 1.39941
41.00000 1.20469
42.00000 1.21527
43.00000 1.15060
44.00000 1.01826
45.00000 0.87895
46.00000 0.67314
47.00000 0.60324
48.00000 0.51251
49.00000 0.41200
50.00000 0.33976
51.00000 0.29005
52.00000 0.27432
53.00000 0.21715
54.00000 0.20516
55.00000 0.21545
56.00000 0.19527
57.00000 0.23734
58.00000 0.24033
59.00000 0.26244
60.00000 0.29341
61.00000 0.32617
62.00000 0.34577
63.00000 0.36840
64.00000 0.38421
65.00000 0.38807
66.00000 0.38791
67.00000 0.38807
68.00000 0.38177
69.00000 0.36297
70.00000 0.35608
71.00000 0.34662
72.00000 0.31088
73.00000 0.28850
74.00000 0.26393
75.00000 0.23129
76.00000 0.20288
77.00000 0.17070
78.00000 0.15395
79.00000 0.13943
80.00000 0.12910
81.00000 0.11656
82.00000 0.11519
83.00000 0.11297
84.00000 0.11046
85.00000 0.10991
86.00000 0.11556
87.00000 0.11981
88.00000 0.12157
89.00000 0.12201
90.00000 0.11938
91.00 0.0
92.00 0.0
93.00 0.0
94.00 0.0
95.00 0.0
96.00 0.0
97.00 0.0
98.00 0.0
99.00 0.0
100.0 0.0
101.0 0.0
102.0 0.0
103.0 0.0
104.0 0.0
105.0 0.0
106.0 0.0
107.0 0.0
108.0 0.0
109.0 0.0
110.0 0.0
111.0 0.0
112.0 0.0
113.0 0.0
114.0 0.0
115.0 0.0
116.0 0.0
117.0 0.0
118.0 0.0
119.0 0.0
120.0 0.0
121.0 0.0
122.0 0.0
123.0 0.0
124.0 0.0
125.0 0.0
126.0 0.0
127.0 0.0
128.0 0.0
129.0 0.0
130.0 0.0
131.0 0.0
132.0 0.0
133.0 0.0
134.0 0.0
135.0 0.0
136.0 0.0
137.0 0.0
138.0 0.0
139.0 0.0
140.0 0.0
141.0 0.0
142.0 0.0
143.0 0.0
144.0 0.0
145.0 0.0
146.0 0.0
147.0 0.0
148.0 0.0
149.0 0.0
150.0 0.0
151.0 0.0
152.0 0.0
153.0 0.0
154.0 0.0
155.0 0.0
156.0 0.0
157.0 0.0
158.0 0.0
159.0 0.0
160.0 0.0
161.0 0.0
162.0 0.0
163.0 0.0
164.0 0.0
165.0 0.0
166.0 0.0
167.0 0.0
168.0 0.0
169.0 0.0
170.0 0.0
171.0 0.0
172.0 0.0
173.0 0.0
174.0 0.0
175.0 0.0
176.0 0.0
177.0 0.0
178.0 0.0
179.0 0.0
180.0 0.0
