CATS_D1_Y2 0.0000 0.0000 
CATS_D1_Y2_Q -534.8972 1.5547 0.0000 0.0000000 
CATS_D1_Y3 0.0000 0.0000 
CATS_D1_Y3_Q -1000.0000 1.4698 0.0000 0.0000000 
CATS_D1_Y4 0.0000 0.0000 
CATS_D1_Y4_Q -1000.0000 1.6106 0.0000 0.0000000 
CATS_D1_Y5 0.0000 0.0000 
CATS_D1_Y5_Q -598.2400 1.6828 0.0000 0.0000000 
CATS_D1_Y6 0.0000 0.0000 
CATS_D1_Y6_Q -453.3817 1.7272 0.0000 0.0000000 
CATS_D1_Y7 0.0000 0.0000 
CATS_D1_Y7_Q -545.0117 1.7479 0.0000 0.0000000 
CATS_D1_Y8 0.0000 0.0000 
CATS_D1_Y8_Q -646.1982 1.8531 0.0000 0.0000000 
CATS_D1_Y9 0.0000 0.0000 
CATS_D1_Y9_Q -366.8096 1.5518 0.0000 0.0000000 
CATS_D1_Y10 0.0000 0.0000 
CATS_D1_Y10_Q -400.6432 1.5908 0.0000 0.0000000 
CATS_D1_Y11 0.0000 0.0000 
CATS_D1_Y11_Q -427.8828 1.5855 0.0000 0.0000000 
CATS_D1_Y12 0.0000 0.0000 
CATS_D1_Y12_Q -410.3452 1.5748 0.0000 0.0000000 
CATS_D1_Y13 0.0000 0.0000 
CATS_D1_Y13_Q -1000.0000 1.6170 0.0000 0.0000000 
CATS_D1_Y14 0.0000 0.0000 
CATS_D1_Y14_Q -415.8553 1.6061 0.0000 0.0000000 
CATS_D1_Y15 0.0000 0.0000 
CATS_D1_Y15_Q -823.4314 3.4472 0.0000 0.0000000 
CATS_D1_Y16 0.0000 0.0000 
CATS_D1_Y16_Q -346.9531 1.6490 0.0000 0.0000000 
CATS_D1_Y17 0.0000 0.0000 
CATS_D1_Y17_Q -261.7905 1.4998 0.0000 0.0000000 
CATS_D1_Y18 0.0000 0.0000 
CATS_D1_Y18_Q -199.4101 1.5460 0.0000 0.0000000 
CATS_D1_Y19 0.0000 0.0000 
CATS_D1_Y19_Q -293.6436 1.5494 0.0000 0.0000000 
CATS_D1_Y20 0.0000 0.0000 
CATS_D1_Y20_Q -81.5865 1.5452 0.0000 0.0000000 
CATS_D1_Y21 0.0000 0.0000 
CATS_D1_Y21_Q -144.7484 1.3960 0.0000 0.0000000 
CATS_D1_Y22 0.0000 0.0000 
CATS_D1_Y22_Q -731.6407 2.4086 0.0000 0.0000000 
CATS_D1_Y23 0.0000 0.0000 
CATS_D1_Y23_Q -402.9138 1.3216 0.0000 0.0000000 
CATS_D1_Y24 0.0000 0.0000 
CATS_D1_Y24_Q -546.5497 1.5174 0.0000 0.0000000 
CATS_D1_Y25 0.0000 0.0000 
CATS_D1_Y25_Q -1000.0000 1.4767 0.0000 0.0000000 
CATS_D1_Y26 0.0000 0.0000 
CATS_D1_Y26_Q -770.8748 1.6208 0.0000 0.0000000 
CATS_D1_Y27 0.0000 0.0000 
CATS_D1_Y27_Q -461.1219 2.0426 0.0000 0.0000000 
CATS_D1_Y28 0.0000 0.0000 
CATS_D1_Y28_Q -366.3203 1.0439 0.0000 0.0000000 
