CATS_D1_Y1 inf 0.0000 
CATS_D1_Y1_Q 0.0000 0.0000 0.0000 0.0000000 
CATS_D1_Y2 472.6910 0.0000 
CATS_D1_Y2_Q -534.8977 1.5547 0.0000 0.0000000 
CATS_D1_Y3 1296.3564 0.0000 
CATS_D1_Y3_Q -1921.8487 1.6368 0.0000 0.0000000 
CATS_D1_Y4 868.0765 0.0000 
CATS_D1_Y4_Q -1239.5912 1.6584 0.0000 0.0000000 
CATS_D1_Y5 474.3615 0.0000 
CATS_D1_Y5_Q -598.2462 1.6828 0.0000 0.0000000 
CATS_D1_Y6 378.3020 0.0000 
CATS_D1_Y6_Q -453.3857 1.7272 0.0000 0.0000000 
CATS_D1_Y7 426.2224 0.0000 
CATS_D1_Y7_Q -545.0147 1.7479 0.0000 0.0000000 
CATS_D1_Y8 456.6706 0.0000 
CATS_D1_Y8_Q -646.2610 1.8531 0.0000 0.0000000 
CATS_D1_Y9 365.2636 0.0000 
CATS_D1_Y9_Q -366.8108 1.5518 0.0000 0.0000000 
CATS_D1_Y10 377.5734 0.0000 
CATS_D1_Y10_Q -400.6303 1.5908 0.0000 0.0000000 
CATS_D1_Y11 396.0016 0.0000 
CATS_D1_Y11_Q -427.8758 1.5855 0.0000 0.0000000 
CATS_D1_Y12 387.5694 0.0000 
CATS_D1_Y12_Q -410.3486 1.5748 0.0000 0.0000000 
CATS_D1_Y13 757.2375 0.0000 
CATS_D1_Y13_Q -1028.8588 1.6228 0.0000 0.0000000 
CATS_D1_Y14 383.4545 0.0000 
CATS_D1_Y14_Q -415.8591 1.6061 0.0000 0.0000000 
CATS_D1_Y15 296.8872 0.0000 
CATS_D1_Y15_Q -823.4308 3.4472 0.0000 0.0000000 
CATS_D1_Y16 331.7007 0.0000 
CATS_D1_Y16_Q -346.9602 1.6490 0.0000 0.0000000 
CATS_D1_Y17 307.9258 0.0000 
CATS_D1_Y17_Q -261.8265 1.4998 0.0000 0.0000000 
CATS_D1_Y18 258.3565 0.0000 
CATS_D1_Y18_Q -199.4113 1.5460 0.0000 0.0000000 
CATS_D1_Y19 318.6087 0.0000 
CATS_D1_Y19_Q -293.6486 1.5494 0.0000 0.0000000 
CATS_D1_Y20 182.2404 0.0000 
CATS_D1_Y20_Q -81.5894 1.5452 0.0000 0.0000000 
CATS_D1_Y21 246.9550 0.0000 
CATS_D1_Y21_Q -144.7482 1.3960 0.0000 0.0000000 
CATS_D1_Y22 386.8121 0.0000 
CATS_D1_Y22_Q -731.6798 2.4086 0.0000 0.0000000 
CATS_D1_Y23 456.2162 0.0000 
CATS_D1_Y23_Q -402.9157 1.3216 0.0000 0.0000000 
CATS_D1_Y24 492.0023 0.0000 
CATS_D1_Y24_Q -546.5530 1.5174 0.0000 0.0000000 
CATS_D1_Y25 856.5838 0.0000 
CATS_D1_Y25_Q -1076.8738 1.4907 0.0000 0.0000000 
CATS_D1_Y26 599.0283 0.0000 
CATS_D1_Y26_Q -770.8814 1.6208 0.0000 0.0000000 
CATS_D1_Y27 323.6553 0.0000 
CATS_D1_Y27_Q -461.1123 2.0426 0.0000 0.0000000 
CATS_D1_Y28 485.0374 0.0000 
CATS_D1_Y28_Q -298.4465 1.0276 8065.6587 0.0000471 
