//MUST2_T4_CsI1_E 479.651 -0.107389 6.28223e-06
MUST2_T4_CsI2_E 446.052 -0.129797 9.26198e-06
MUST2_T4_CsI3_E 406.592 -0.113832 7.91047e-06
MUST2_T4_CsI4_E 349.34 -0.113731 8.7356e-06
MUST2_T4_CsI5_E 478.035 -0.134287 9.33859e-06
MUST2_T4_CsI6_E 339.697 -0.102929 7.56726e-06
MUST2_T4_CsI7_E 323.033 -0.0987171 7.30172e-06
MUST2_T4_CsI8_E 445.031 -0.125157 8.71528e-06
MUST2_T4_CsI9_E 319.161 -0.0984022 7.31198e-06
MUST2_T4_CsI10_E 569.364 -0.157372 1.07998e-05
MUST2_T4_CsI11_E 605.529 -0.168058 1.15674e-05
MUST2_T4_CsI12_E 444.327 -0.130491 9.37867e-06
MUST2_T4_CsI13_E 150.656 -0.0564503 4.70842e-06
MUST2_T4_CsI14_E 263.639 -0.079089 5.79532e-06
MUST2_T4_CsI15_E 188.992 -0.0605811 4.64842e-06
MUST2_T4_CsI16_E 749.519 -0.198349 1.31262e-05
