MUST2_T2_CsI1_E 102.071 -0.0588907 5.67601e-06
MUST2_T2_CsI2_E 106.161 -0.0589045 5.61444e-06
MUST2_T2_CsI3_E 76.9894 -0.0588364 6.0432e-06
MUST2_T2_CsI4_E 96.8827 -0.0588572 5.75595e-06
MUST2_T2_CsI5_E 119.308 -0.0589161 5.42912e-06
MUST2_T2_CsI6_E -90.3321 -2.70459e-05 1.35086e-06
MUST2_T2_CsI7_E -51.6056 -0.0148179 2.58223e-06
MUST2_T2_CsI8_E 33.2392 -0.0303541 3.22193e-06
MUST2_T2_CsI9_E -365.718 0.0535534 -1.08358e-06
MUST2_T2_CsI10_E -287.808 0.0337694 1.68193e-07
MUST2_T2_CsI11_E -103.051 -0.0092511 2.67324e-06
MUST2_T2_CsI12_E -84.1299 -0.00929879 2.3921e-06
MUST2_T2_CsI13_E -7.39653 -0.0265191 3.35365e-06
MUST2_T2_CsI14_E -166.139 0.0034644 2.06615e-06
MUST2_T2_CsI15_E 178.189 -0.0776238 6.8273e-06
MUST2_T2_CsI16_E 187.471 -0.0776228 6.69424e-06
