MUST2_T2_CsI1_E 827.393 -0.224092 1.51077e-05
MUST2_T2_CsI2_E 628.149 -0.176267 1.22318e-05
MUST2_T2_CsI3_E 670.093 -0.193459 1.3703e-05
MUST2_T2_CsI4_E 685.032 -0.193486 1.34856e-05
MUST2_T2_CsI5_E 597.866 -0.167329 1.15938e-05
MUST2_T2_CsI6_E 128.507 -0.0473551 3.93121e-06
MUST2_T2_CsI7_E 289.325 -0.089595 6.69959e-06
MUST2_T2_CsI8_E 201.493 -0.0663814 5.17288e-06
MUST2_T2_CsI9_E 216.484 -0.0790913 6.49858e-06
MUST2_T2_CsI10_E 528.21 -0.152693 1.08466e-05
MUST2_T2_CsI11_E 607.485 -0.171806 1.19981e-05
MUST2_T2_CsI12_E 315.001 -0.097851 7.32476e-06
MUST2_T2_CsI13_E 564.414 -0.156004 1.07118e-05
MUST2_T2_CsI14_E 561.048 -0.164871 1.18398e-05
MUST2_T2_CsI15_E 374.993 -0.12019 9.15075e-06
MUST2_T2_CsI16_E 576.1 -0.162546 1.13423e-05
