MUST2_T3_CsI1_E 466.591 -0.140206 1.02287e-05
MUST2_T3_CsI2_E 455.097 -0.140199 1.03899e-05
MUST2_T3_CsI3_E 442.12 -0.140154 1.05796e-05
MUST2_T3_CsI4_E 467.938 -0.140217 1.02072e-05
MUST2_T3_CsI5_E 271.453 -0.0902532 7.03443e-06
MUST2_T3_CsI6_E 515.544 -0.148146 1.04718e-05
MUST2_T3_CsI7_E 233.708 -0.0809109 6.45317e-06
MUST2_T3_CsI8_E 131.251 -0.0547653 4.78648e-06
MUST2_T3_CsI9_E 590.545 -0.171787 1.22361e-05
MUST2_T3_CsI10_E 497.014 -0.147318 1.06434e-05
MUST2_T3_CsI11_E 372.56 -0.115665 8.6321e-06
MUST2_T3_CsI12_E 404.378 -0.123919 9.16819e-06
MUST2_T3_CsI13_E 165.774 -0.0651315 5.54186e-06
MUST2_T3_CsI14_E 51.8689 -0.0412483 4.3137e-06
MUST2_T3_CsI15_E 150.005 -0.068322 6.15714e-06
MUST2_T3_CsI16_E 328.948 -0.107404 8.27109e-06

