MUST2_T4_CsI1_E 2.26837 -0.0429867 5.1854e-06
MUST2_T4_CsI2_E 119.795 -0.0550412 4.94525e-06
MUST2_T4_CsI3_E -65.608 -0.00824425 1.98278e-06
MUST2_T4_CsI4_E -736.813 0.137978 -5.87942e-06
MUST2_T4_CsI5_E 105.414 -0.0509583 4.65512e-06
MUST2_T4_CsI6_E -0.180476 -0.0266624 3.26133e-06
MUST2_T4_CsI7_E 72.1646 -0.0423868 4.10832e-06
MUST2_T4_CsI8_E 297.251 -0.0919298 6.81452e-06
MUST2_T4_CsI9_E 205.738 -0.0724929 5.80031e-06
MUST2_T4_CsI10_E 76.8141 -0.0454816 4.41619e-06
MUST2_T4_CsI11_E 1350.9 -0.349304 2.25346e-05
MUST2_T4_CsI12_E 530.576 -0.154742 1.09962e-05
MUST2_T4_CsI13_E 159.306 -0.0603681 5.00992e-06
MUST2_T4_CsI14_E 85.8361 -0.0398729 3.60266e-06
MUST2_T4_CsI15_E 7.35148 -0.0214522 2.51365e-06
MUST2_T4_CsI16_E -3334.42 0.704942 -3.68307e-05
