MUST2_T1_CsI1_E 764.389 -0.215019 1.4922e-05
MUST2_T1_CsI2_E 803.247 -0.220849 1.50599e-05
MUST2_T1_CsI3_E 221.358 -0.0715114 5.49031e-06
MUST2_T1_CsI4_E 6.95314e-310 0 6.95334e-310
MUST2_T1_CsI5_E 438.093 -0.131718 9.61117e-06
MUST2_T1_CsI6_E 459.087 -0.141148 1.04448e-05
MUST2_T1_CsI7_E 435.818 -0.134103 9.92433e-06
MUST2_T1_CsI8_E 417.418 -0.127968 9.46168e-06
MUST2_T1_CsI9_E 236.874 -0.082616 6.61008e-06
MUST2_T1_CsI10_E 488.439 -0.146854 1.07084e-05
MUST2_T1_CsI11_E 238.417 -0.0867064 7.07571e-06
MUST2_T1_CsI12_E 255.118 -0.0885039 7.05747e-06
MUST2_T1_CsI13_E 496.371 -0.149806 1.09449e-05
MUST2_T1_CsI14_E 117.2 -0.0498609 4.39103e-06
MUST2_T1_CsI15_E 410.161 -0.133728 1.02606e-05
MUST2_T1_CsI16_E 132.088 -0.0669767 6.24557e-06
