Mugast_T3_DSSD_X1_T 505.202 -0.0627399	1.34916e-07
Mugast_T3_DSSD_X2_T 511.137 -0.0629359	8.31761e-08
Mugast_T3_DSSD_X3_T 505.994 -0.062552	9.92665e-08
Mugast_T3_DSSD_X4_T 508.504 -0.0628376	9.85908e-08
Mugast_T3_DSSD_X5_T 511.356 -0.0632149	1.0468e-07
Mugast_T3_DSSD_X6_T 512.584 -0.0629069	4.85885e-08
Mugast_T3_DSSD_X7_T 516.839 -0.0637651	1.27805e-07
Mugast_T3_DSSD_X8_T 516.683 -0.0640525	1.33856e-07
Mugast_T3_DSSD_X9_T 517.352 -0.0639562	1.0336e-07
Mugast_T3_DSSD_X10_T 517.941 -0.063881	7.74047e-08
Mugast_T3_DSSD_X11_T 517.229 -0.0638258	7.94e-08
Mugast_T3_DSSD_X12_T 516.35 -0.0636348	6.92186e-08
Mugast_T3_DSSD_X13_T 519.73 -0.0644059	1.12634e-07
Mugast_T3_DSSD_X14_T 525.003 -0.0647082	9.85945e-08
Mugast_T3_DSSD_X15_T 521.955 -0.06459	1.04296e-07
Mugast_T3_DSSD_X16_T 519.906 -0.0647248	1.4253e-07
Mugast_T3_DSSD_X17_T 497.614 -0.0624268	2.52179e-07
Mugast_T3_DSSD_X18_T 499.82 -0.0625245	2.34595e-07
Mugast_T3_DSSD_X19_T 500.074 -0.0630411	3.06299e-07
Mugast_T3_DSSD_X20_T 501.953 -0.0632362	2.60907e-07
Mugast_T3_DSSD_X21_T 508.495 -0.0641055	2.8452e-07
Mugast_T3_DSSD_X22_T 512.9 -0.0650297	3.34321e-07
Mugast_T3_DSSD_X23_T 506.948 -0.0639116	2.82175e-07
Mugast_T3_DSSD_X24_T 512.755 -0.0644724	2.74863e-07
Mugast_T3_DSSD_X25_T 515.882 -0.0652343	3.29334e-07
Mugast_T3_DSSD_X26_T 516.206 -0.0648808	2.93261e-07
Mugast_T3_DSSD_X27_T 517.188 -0.0652254	2.95747e-07
Mugast_T3_DSSD_X28_T 513.095 -0.0645164	2.63537e-07
Mugast_T3_DSSD_X29_T 520.887 -0.0656756	2.91093e-07
Mugast_T3_DSSD_X30_T 517.92 -0.0654632	3.18349e-07
Mugast_T3_DSSD_X31_T 517.195 -0.0649542	2.58048e-07
Mugast_T3_DSSD_X32_T 516.354 -0.0650877	2.96074e-07
Mugast_T3_DSSD_X33_T 958.65 -0.118265	1.27241e-07
Mugast_T3_DSSD_X34_T 969.446 -0.119293	8.86868e-08
Mugast_T3_DSSD_X35_T 962.343 -0.118544	1.03842e-07
Mugast_T3_DSSD_X36_T 967.277 -0.119478	1.46365e-07
Mugast_T3_DSSD_X37_T 970.378 -0.119663	1.20014e-07
Mugast_T3_DSSD_X38_T 965.829 -0.119253	1.47097e-07
Mugast_T3_DSSD_X39_T 972.903 -0.120639	2.09907e-07
Mugast_T3_DSSD_X40_T 967.941 -0.119203	1.04593e-07
Mugast_T3_DSSD_X41_T 976.516 -0.12021	9.05831e-08
Mugast_T3_DSSD_X42_T 990.274 -0.122456	1.66634e-07
Mugast_T3_DSSD_X43_T 985.758 -0.122354	2.27758e-07
Mugast_T3_DSSD_X44_T 993.771 -0.122698	1.43893e-07
Mugast_T3_DSSD_X45_T 986.775 -0.122005	1.64801e-07
Mugast_T3_DSSD_X46_T 977.459 -0.120683	1.42218e-07
Mugast_T3_DSSD_X47_T 987.456 -0.122117	1.71324e-07
Mugast_T3_DSSD_X48_T 1012.25 -0.135249	1.7642e-06
Mugast_T3_DSSD_X49_T 1004.89 -0.126542	4.86272e-07
Mugast_T3_DSSD_X50_T 1008.21 -0.127386	5.35365e-07
Mugast_T3_DSSD_X51_T 1009.68 -0.128369	6.37726e-07
Mugast_T3_DSSD_X52_T 1011.84 -0.13059	5.72517e-07
Mugast_T3_DSSD_X53_T 1006.51 -0.129633	5.30941e-07
Mugast_T3_DSSD_X54_T 891.777 -0.0891132	-2.46182e-06
