CATS_D2_Y2 0.0000 0.0000 
CATS_D2_Y2_Q -345.3362 1.7128 0.0000 0.0000000 
CATS_D2_Y3 0.0000 0.0000 
CATS_D2_Y3_Q -294.0587 1.5907 0.0000 0.0000000 
CATS_D2_Y4 0.0000 0.0000 
CATS_D2_Y4_Q -324.8319 1.7300 0.0000 0.0000000 
CATS_D2_Y5 0.0000 0.0000 
CATS_D2_Y5_Q -300.3500 1.8201 0.0000 0.0000000 
CATS_D2_Y6 0.0000 0.0000 
CATS_D2_Y6_Q -336.3054 1.7036 0.0000 0.0000000 
CATS_D2_Y7 0.0000 0.0000 
CATS_D2_Y7_Q -173.4446 1.8002 0.0000 0.0000000 
CATS_D2_Y8 0.0000 0.0000 
CATS_D2_Y8_Q -454.6746 2.1719 0.0000 0.0000000 
CATS_D2_Y9 0.0000 0.0000 
CATS_D2_Y9_Q -335.3283 1.6238 0.0000 0.0000000 
CATS_D2_Y10 0.0000 0.0000 
CATS_D2_Y10_Q -331.1736 1.6058 0.0000 0.0000000 
CATS_D2_Y11 0.0000 0.0000 
CATS_D2_Y11_Q -312.1320 1.7655 0.0000 0.0000000 
CATS_D2_Y12 0.0000 0.0000 
CATS_D2_Y12_Q -284.8128 1.5781 0.0000 0.0000000 
CATS_D2_Y13 0.0000 0.0000 
CATS_D2_Y13_Q -347.9889 1.7094 0.0000 0.0000000 
CATS_D2_Y14 0.0000 0.0000 
CATS_D2_Y14_Q -271.9092 1.7978 0.0000 0.0000000 
CATS_D2_Y15 0.0000 0.0000 
CATS_D2_Y15_Q -465.2634 1.7357 0.0000 0.0000000 
CATS_D2_Y16 0.0000 0.0000 
CATS_D2_Y16_Q -497.7905 1.6353 0.0000 0.0000000 
CATS_D2_Y17 0.0000 0.0000 
CATS_D2_Y17_Q -307.5164 1.8037 0.0000 0.0000000 
CATS_D2_Y18 0.0000 0.0000 
CATS_D2_Y18_Q -638.1044 1.6349 0.0000 0.0000000 
CATS_D2_Y19 0.0000 0.0000 
CATS_D2_Y19_Q -230.2235 1.6018 0.0000 0.0000000 
CATS_D2_Y20 0.0000 0.0000 
CATS_D2_Y20_Q -264.6578 1.7393 0.0000 0.0000000 
CATS_D2_Y21 0.0000 0.0000 
CATS_D2_Y21_Q -241.3971 1.6396 0.0000 0.0000000 
CATS_D2_Y22 0.0000 0.0000 
CATS_D2_Y22_Q -278.3398 1.6638 0.0000 0.0000000 
CATS_D2_Y23 0.0000 0.0000 
CATS_D2_Y23_Q -155.0590 1.5870 0.0000 0.0000000 
CATS_D2_Y24 0.0000 0.0000 
CATS_D2_Y24_Q -295.3073 1.5639 0.0000 0.0000000 
CATS_D2_Y25 0.0000 0.0000 
CATS_D2_Y25_Q -128.1647 1.5560 0.0000 0.0000000 
CATS_D2_Y26 0.0000 0.0000 
CATS_D2_Y26_Q -358.5504 1.5559 0.0000 0.0000000 
CATS_D2_Y27 0.0000 0.0000 
CATS_D2_Y27_Q -285.3004 1.4906 0.0000 0.0000000 
CATS_D2_Y28 0.0000 0.0000 
CATS_D2_Y28_Q -208.8846 0.9604 0.0000 0.0000000 
