CATS_D2_Y1 inf 0.0000 
CATS_D2_Y1_Q 0.0000 0.0000 0.0000 0.0000000 
CATS_D2_Y2 318.3885 0.0000 
CATS_D2_Y2_Q -345.3372 1.7128 0.0000 0.0000000 
CATS_D2_Y3 310.5837 0.0000 
CATS_D2_Y3_Q -294.0577 1.5907 0.0000 0.0000000 
CATS_D2_Y4 303.3648 0.0000 
CATS_D2_Y4_Q -324.8325 1.7300 0.0000 0.0000000 
CATS_D2_Y5 274.8964 0.0000 
CATS_D2_Y5_Q -300.3484 1.8201 0.0000 0.0000000 
CATS_D2_Y6 314.8138 0.0000 
CATS_D2_Y6_Q -336.3075 1.7036 0.0000 0.0000000 
CATS_D2_Y7 207.4528 0.0000 
CATS_D2_Y7_Q -173.4464 1.8002 0.0000 0.0000000 
CATS_D2_Y8 301.4360 0.0000 
CATS_D2_Y8_Q -454.6908 2.1719 0.0000 0.0000000 
CATS_D2_Y9 329.6771 0.0000 
CATS_D2_Y9_Q -335.3316 1.6238 0.0000 0.0000000 
CATS_D2_Y10 330.7777 0.0000 
CATS_D2_Y10_Q -331.1746 1.6058 0.0000 0.0000000 
CATS_D2_Y11 290.0462 0.0000 
CATS_D2_Y11_Q -312.0819 1.7655 0.0000 0.0000000 
CATS_D2_Y12 307.2437 0.0000 
CATS_D2_Y12_Q -284.8568 1.5781 0.0000 0.0000000 
CATS_D2_Y13 320.5579 0.0000 
CATS_D2_Y13_Q -347.9681 1.7094 0.0000 0.0000000 
CATS_D2_Y14 262.4798 0.0000 
CATS_D2_Y14_Q -271.8739 1.7978 0.0000 0.0000000 
CATS_D2_Y15 383.2816 0.0000 
CATS_D2_Y15_Q -465.2636 1.7357 0.0000 0.0000000 
CATS_D2_Y16 426.7020 0.0000 
CATS_D2_Y16_Q -497.7917 1.6353 0.0000 0.0000000 
CATS_D2_Y17 281.3643 0.0000 
CATS_D2_Y17_Q -307.4958 1.8037 0.0000 0.0000000 
CATS_D2_Y18 512.6327 0.0000 
CATS_D2_Y18_Q -638.1062 1.6349 0.0000 0.0000000 
CATS_D2_Y19 268.5947 0.0000 
CATS_D2_Y19_Q -230.2218 1.6018 0.0000 0.0000000 
CATS_D2_Y20 267.1579 0.0000 
CATS_D2_Y20_Q -264.6622 1.7393 0.0000 0.0000000 
CATS_D2_Y21 269.2051 0.0000 
CATS_D2_Y21_Q -241.4020 1.6396 0.0000 0.0000000 
CATS_D2_Y22 287.5099 0.0000 
CATS_D2_Y22_Q -278.3529 1.6638 0.0000 0.0000000 
CATS_D2_Y23 223.7294 0.0000 
CATS_D2_Y23_Q -155.0590 1.5870 0.0000 0.0000000 
CATS_D2_Y24 316.6887 0.0000 
CATS_D2_Y24_Q -295.2674 1.5639 0.0000 0.0000000 
CATS_D2_Y25 210.8972 0.0000 
CATS_D2_Y25_Q -128.1583 1.5560 0.0000 0.0000000 
CATS_D2_Y26 358.9856 0.0000 
CATS_D2_Y26_Q -358.5562 1.5559 0.0000 0.0000000 
CATS_D2_Y27 325.5839 0.0000 
CATS_D2_Y27_Q -285.3152 1.4906 0.0000 0.0000000 
CATS_D2_Y28 412.0936 0.0000 
CATS_D2_Y28_Q -194.4196 0.9571 8554.1373 0.0000081 
