# flange crystal segment slope_theta intercept_theta slope_phi intercept_phi slope_x intercept_x slope_y intercept_y slope_z intercept_z
2	0	0	-0.4785	153.4900	0.2552	-17.9240	-0.2913	99.8640	0.2281	-34.3503	0.0258	-238.5025
2	0	1	-0.4260	150.3840	0.3271	-16.7145	0.4493	114.0935	0.2589	-34.3285	0.0053	-226.5315
2	0	2	-0.3475	151.4870	0.1379	-5.4710	0.4624	115.3605	-0.0841	-10.7755	-0.5853	-226.3580
2	0	3	-0.4857	154.9695	0.4949	-7.1913	-0.1514	99.9967	0.3484	-12.2805	-0.1312	-238.9925
2	1	0	-0.2039	140.6015	0.0196	-12.4082	-0.6502	152.4085	0.0898	-32.6125	0.0180	-198.5010
2	1	1	-0.2083	141.4495	0.0646	-4.2402	-0.6404	153.7745	0.2539	-11.6892	-0.0748	-198.7000
2	1	2	-0.3182	146.7990	0.0932	-5.0886	0.3226	131.6385	0.1616	-11.6708	-0.6596	-210.0765
2	1	3	-0.3393	145.5530	0.0443	-14.4552	-0.3414	132.2405	-0.0261	-33.6312	-0.1470	-210.0885
2	2	0	-0.2033	140.5910	0.0115	12.3945	-0.9808	153.2510	-0.0904	32.7820	-0.0347	-198.4550
2	2	1	-0.2714	145.4555	0.1398	14.0920	-0.1000	131.6135	0.0202	33.6647	-0.5023	-209.7150
2	2	2	-0.3092	146.7750	-0.2027	5.2320	0.2579	131.7305	-0.3300	12.0322	-0.6057	-210.1760
2	2	3	-0.1916	141.4070	-0.0856	4.5885	-0.4594	153.4030	-0.1358	11.7079	-0.1847	-198.4465
2	3	0	-0.3937	153.3485	-0.1020	17.6407	0.1027	99.0634	-0.1633	33.8836	-0.2200	-238.0770
2	3	1	-0.4181	154.8470	-0.2117	6.4536	0.2424	98.7418	-0.0433	11.3859	-0.5724	-238.0135
2	3	2	-0.3899	151.6540	0.0096	5.4783	0.3371	115.9535	-0.0684	11.5844	-0.4500	-226.9315
2	3	3	-0.3556	150.2035	-0.1484	16.1788	0.4377	113.8575	-0.1982	34.0428	-0.3251	-225.7645
3	0	0	-0.2050	140.5855	3.1922	-147.5255	0.3959	-151.7900	0.0458	-32.4251	-0.0113	-198.3955
3	0	1	-0.3501	145.6705	3.6167	-149.3615	0.0370	-131.6210	-0.0236	-33.4728	-0.1209	-210.4885
3	0	2	-0.2850	146.7010	5.2773	-122.3215	-0.1867	-131.8710	0.1370	-11.8142	-0.6280	-210.2510
3	0	3	-0.1745	141.3350	5.7307	-129.1215	0.4965	-153.3370	-0.0504	-11.0586	-0.1462	-198.2815
3	1	0	-0.4234	153.4285	2.2081	-140.6540	-0.1109	-98.7814	-0.1185	-33.5897	-0.1364	-238.2280
3	1	1	-0.4679	154.9240	4.1309	-117.7735	-0.6192	-98.2920	0.1242	-11.6677	-0.3154	-238.4735
3	1	2	-0.3690	151.5880	3.9708	-118.2785	-0.4125	-115.8300	0.0527	-10.9493	-0.6939	-226.2720
3	1	3	-0.3585	150.1350	2.4988	-145.2055	-0.0350	-114.9000	0.0339	-34.2130	-0.1816	-225.5995
3	2	0	-0.4429	153.4330	-2.5756	141.0315	0.1547	-99.6601	-0.3282	34.3705	0.0913	-238.5685
3	2	1	-0.4397	150.4335	-2.9857	146.9485	0.1967	-115.7230	-0.1822	34.3907	0.2508	-227.2610
3	2	2	-0.3414	151.4900	-4.5759	119.7355	-0.3864	-115.7210	0.1002	11.1800	-0.4435	-226.6120
3	2	3	-0.5555	155.0585	-4.2122	118.0315	-0.3146	-98.0344	0.0124	11.3142	0.1312	-239.0625
3	3	0	-0.2429	140.7245	-3.9732	149.7480	0.6138	-152.1085	-0.2256	33.1481	0.1547	-198.9240
3	3	1	-0.2238	141.5000	-5.3081	128.5135	0.3783	-153.0045	-0.2614	11.8272	-0.0576	-198.6795
3	3	2	-0.3165	146.7725	-4.2816	118.8190	-0.1451	-132.2535	-0.0231	11.2726	-0.6041	-210.0705
3	3	3	-0.2633	145.4490	-3.1330	147.9220	0.0861	-131.9795	-0.2802	33.9902	-0.4793	-209.8685
4	0	0	-0.4548	153.4870	-1.4728	100.2934	0.2979	-34.5441	0.1337	99.3762	0.1026	-239.2065
4	0	1	-0.4740	154.8505	-1.0703	90.1731	-0.0578	-11.1986	0.5121	98.3969	-0.3751	-237.9660
4	0	2	-0.3371	151.5095	-0.9179	93.2083	-0.0645	-11.1319	0.2342	116.1990	-0.5481	-226.7845
4	0	3	-0.3133	150.1455	-1.1878	101.8825	0.2508	-34.5932	0.4516	114.3550	-0.4862	-225.6270
4	1	0	-0.3807	153.3885	-0.1251	66.3556	-0.2682	34.1566	0.4710	98.6236	-0.1541	-238.6695
4	1	1	-0.4569	150.3915	-0.6784	72.1457	-0.3565	34.6372	-0.3221	115.7680	0.0809	-226.4105
4	1	2	-0.4402	151.7005	-0.7628	82.7896	-0.1232	11.2449	0.2990	115.8895	-0.2589	-227.0285
4	1	3	-0.4420	154.8960	-0.6192	77.6632	-0.2882	11.7771	0.5135	98.3400	-0.4403	-238.2900
4	2	0	-0.2514	140.7335	-0.5620	76.7500	-0.2114	33.0080	-0.7560	152.7735	0.2907	-199.2590
4	2	1	-0.2862	141.5805	-0.8165	85.2552	0.0562	11.0633	-0.7455	153.5175	0.1873	-198.8970
4	2	2	-0.3068	146.7325	-0.6912	83.5004	-0.0877	11.3090	0.1462	131.7550	-0.7241	-209.7870
4	2	3	-0.3058	145.5050	-0.6140	74.0023	0.0709	33.5245	-0.1311	131.3345	-0.3514	-209.7100
4	3	0	-0.1455	140.5165	-0.7570	98.9456	0.3005	-32.9744	-0.5525	152.1440	-0.1765	-198.2135
4	3	1	-0.2626	145.4475	-0.7344	99.1747	0.4655	-34.6535	0.2781	130.8210	-0.5201	-209.5870
4	3	2	-0.2532	146.6045	-0.5810	92.4590	0.0042	-11.2052	0.2941	131.9675	-0.7446	-209.7515
4	3	3	-0.1820	141.3395	-0.6789	92.9331	0.1893	-11.8578	-0.3654	152.5835	-0.2628	-197.8525
5	0	0	-0.2526	140.7755	0.9888	-99.4637	0.1068	-32.8352	1.1525	-153.2850	0.3023	-199.3960
5	0	1	-0.1781	141.3115	0.6585	-92.9939	0.0371	-11.3570	0.5791	-153.5615	-0.1054	-198.4085
5	0	2	-0.2374	146.5930	0.6453	-92.8065	-0.2414	-10.7754	-0.5826	-131.3065	-1.0834	-209.1025
5	0	3	-0.2626	145.4385	0.8988	-99.6494	0.0401	-33.7384	0.1181	-132.0455	-0.4736	-209.8760
5	1	0	-0.1613	140.5310	0.6210	-76.9439	0.0561	32.5229	0.9179	-153.3530	-0.0397	-198.6335
5	1	1	-0.3657	145.6710	0.7234	-74.5704	-0.0719	33.9598	0.2888	-132.5745	-0.0425	-210.9175
5	1	2	-0.2379	146.5755	0.5618	-83.2501	-0.0242	11.3431	-0.2960	-131.7490	-0.8284	-209.6925
5	1	3	-0.2132	141.3860	0.4207	-84.4340	-0.2300	11.8625	0.4516	-153.2825	-0.0101	-198.5210
5	2	0	-0.4877	153.5745	0.6233	-67.3084	0.0623	33.6213	-0.0607	-99.0518	0.1505	-239.0950
5	2	1	-0.4283	154.8535	0.6549	-77.9239	-0.2451	11.7770	-0.5967	-97.9974	-0.5896	-237.8925
5	2	2	-0.3745	151.6740	0.6902	-82.7355	0.0550	10.9341	-0.2427	-116.1925	-0.5699	-226.8255
5	2	3	-0.4229	150.2895	0.5723	-71.7038	0.0134	33.9891	-0.1502	-114.5490	-0.0127	-226.0670
5	3	0	-0.4480	153.5275	1.1567	-99.1859	0.0035	-33.2262	-0.2522	-98.7086	0.1029	-238.9845
5	3	1	-0.3550	150.1440	0.7034	-100.3960	0.2770	-34.7766	-0.4448	-113.9440	-0.2750	-225.6105
5	3	2	-0.3577	151.5790	0.8897	-93.0199	0.0352	-11.1124	-0.5165	-115.2420	-0.5196	-226.6005
5	3	3	-0.4110	154.8070	1.0123	-89.8633	-0.1254	-10.9331	-0.4013	-98.1245	-0.5110	-237.8610
6	0	0	0.2168	108.9790	2.7393	-161.5325	0.0048	-186.1305	0.2291	-33.9258	-1.2592	-64.7471
6	0	1	-0.0306	115.1450	2.1708	-154.3495	-0.9943	-175.1670	0.0447	-32.7372	-0.8420	-84.6509
6	0	2	-0.0602	115.6005	4.7936	-127.8335	-1.1275	-174.6105	-0.0042	-11.3839	-0.7963	-84.3431
6	0	3	0.1852	109.3520	5.0877	-142.3165	-0.0196	-185.6985	0.0621	-12.3478	-1.1317	-64.7053
6	1	0	-0.2936	125.7205	2.5526	-148.6465	-0.9527	-170.0985	-0.0806	-31.3522	-0.0772	-128.7835
6	1	1	-0.2548	126.2460	4.2605	-120.9790	-0.6854	-170.7110	-0.0283	-10.9611	-0.2820	-128.3765
6	1	2	-0.1907	121.3515	4.9937	-123.7050	-1.0308	-172.3475	0.0659	-11.0510	-0.4528	-106.7355
6	1	3	-0.1903	120.8875	3.1828	-153.4795	-0.7467	-172.5595	0.0854	-32.6149	-0.4060	-107.1460
6	2	0	-0.2104	125.4930	-2.8458	149.1640	-0.5936	-170.7445	-0.1104	31.9280	-0.2551	-128.1020
6	2	1	-0.1355	120.8435	-2.8957	152.3830	-0.9759	-171.5395	-0.0312	32.6907	-0.6203	-106.8900
6	2	2	-0.1541	121.2680	-4.1923	121.1990	-0.8809	-172.5725	0.0184	11.0256	-0.5925	-106.4660
6	2	3	-0.2278	126.1525	-3.5289	118.3545	-0.9578	-170.1425	-0.0175	10.7728	-0.3893	-128.0730
6	3	0	0.1995	108.9710	-2.7552	161.5730	0.0453	-186.2205	-0.1236	33.6207	-1.1492	-64.8683
6	3	1	0.1885	109.3430	-5.6763	143.1645	0.1364	-185.9480	-0.2914	12.5581	-1.1772	-64.6387
6	3	2	-0.0258	115.5295	-4.4293	126.3130	-0.9219	-175.1150	-0.0638	11.5177	-0.8017	-84.3491
6	3	3	0.0043	115.0305	-2.8417	156.3695	-0.6394	-176.1335	-0.0640	32.8803	-0.8488	-84.6135
7	0	0	0.2312	109.0055	0.6366	-123.5770	0.2289	-108.1845	0.1794	-155.3870	-1.2618	-65.0102
7	0	1	-0.0421	115.2710	0.4838	-122.5050	-0.5550	-100.6725	-0.7148	-147.1100	-0.7277	-85.4145
7	0	2	-0.0487	115.5765	0.8459	-130.2780	-0.7188	-115.5590	-0.5697	-132.0020	-0.8075	-84.2999
7	0	3	0.2184	109.2965	0.8153	-130.6710	0.0443	-122.7960	0.1712	-140.1990	-1.2232	-64.5114
7	1	0	-0.2211	125.3020	0.7121	-121.6905	-0.5639	-97.7453	-0.5898	-143.5065	-0.3105	-127.1385
7	1	1	-0.2490	125.9380	0.6546	-128.1435	-0.6131	-112.5935	-0.8120	-128.0505	-0.2970	-127.0250
7	1	2	-0.1766	121.2310	0.5505	-129.3730	-0.9832	-113.6695	-0.9607	-129.3425	-0.5447	-106.1605
7	1	3	-0.1634	120.8585	0.6952	-122.4340	-0.4331	-99.0180	-0.4285	-145.0805	-0.4141	-107.1940
7	2	0	-0.2417	125.4130	1.1069	-139.0385	-0.5486	-143.0890	-0.7894	-96.9618	-0.1630	-127.5795
7	2	1	-0.1174	120.7270	1.0531	-140.5015	-0.3863	-145.3815	-0.5538	-98.6234	-0.5924	-106.7320
7	2	2	-0.2031	121.2835	0.9011	-136.5855	-0.7749	-129.8490	-0.7724	-114.0900	-0.4281	-106.4310
7	2	3	-0.2995	126.1500	0.9366	-135.2845	-0.6510	-128.0940	-0.7800	-111.8315	-0.1197	-127.6045
7	3	0	0.2069	109.0460	0.9872	-142.5675	0.1675	-155.3935	-0.0993	-107.7585	-1.2133	-65.0510
7	3	1	0.2218	109.2720	0.7927	-137.5080	0.1832	-140.3970	-0.1005	-122.3950	-1.2366	-64.4935
7	3	2	-0.0401	115.5680	0.9207	-137.0620	-0.6252	-132.0805	-0.7939	-115.2865	-0.8307	-84.2948
7	3	3	-0.0114	115.1520	1.2614	-141.7900	-0.5024	-147.6460	-0.4088	-101.4620	-0.8360	-84.9931
8	0	0	0.1929	109.0195	0.6119	-99.3045	0.1215	-33.6084	0.2541	-186.5990	-1.1167	-64.9807
8	0	1	0.1846	109.3340	0.4792	-93.2354	0.0469	-12.1563	-0.0093	-185.7145	-1.1128	-64.6725
8	0	2	-0.0684	115.6390	0.4844	-92.9704	-0.1190	-11.2625	-0.9696	-175.0380	-0.7069	-84.5704
8	0	3	-0.0386	115.1620	0.4418	-98.6440	0.1679	-33.3067	-1.2502	-174.6480	-0.7877	-84.7928
8	1	0	0.2328	108.9500	0.4400	-79.2523	-0.1822	33.8633	0.2050	-186.4505	-1.3055	-64.6685
8	1	1	-0.0149	115.1560	0.3389	-78.4418	-0.0126	32.4718	-0.7875	-175.4900	-0.8300	-84.8489
8	1	2	-0.0568	115.6220	0.4747	-85.5878	-0.2637	12.0272	-0.9362	-174.8245	-0.7835	-84.4226
8	1	3	0.2148	109.2640	0.3320	-85.5077	-0.0634	12.1872	0.0329	-185.7795	-1.2171	-64.4517
8	2	0	-0.1888	125.3885	0.2596	-77.6576	-0.0342	31.6418	-0.7914	-171.0060	-0.4198	-127.6380
8	2	1	-0.2470	126.2115	0.2167	-84.0849	-0.1339	11.2441	-0.9534	-170.0945	-0.2897	-128.3550
8	2	2	-0.1652	121.2850	0.2929	-85.0055	-0.1012	11.1151	-1.1034	-172.1565	-0.5447	-106.5135
8	2	3	-0.1173	120.7135	0.3141	-78.0480	-0.3426	33.2899	-0.8401	-172.5175	-0.6333	-106.6100
8	3	0	-0.2626	125.5885	0.7270	-97.9518	0.1020	-31.8209	-0.8769	-170.2455	-0.1927	-128.1620
8	3	1	-0.1565	120.8550	0.5719	-98.6498	0.1729	-33.1233	-0.9459	-172.0265	-0.4696	-107.1390
8	3	2	-0.1834	121.3745	0.4497	-92.4890	-0.0341	-10.9305	-1.2420	-171.8290	-0.4587	-106.8435
8	3	3	-0.2968	126.3400	0.5225	-91.7658	0.2254	-11.4575	-1.1402	-169.4600	-0.2080	-128.5445
9	0	0	-0.2809	125.4275	0.2414	-54.5262	0.3356	97.8621	-0.4093	-143.7510	-0.0097	-127.6915
9	0	1	-0.1936	120.9405	0.3651	-55.1874	0.5076	99.0941	-0.4455	-145.4670	-0.3474	-107.4745
9	0	2	-0.1744	121.2155	0.2013	-48.1481	0.5009	114.4900	-0.7435	-129.7630	-0.5277	-106.1700
9	0	3	-0.2597	125.9615	0.2739	-47.9467	0.5134	112.9370	-0.6287	-128.4685	-0.2251	-127.1600
9	1	0	0.2286	109.0050	0.2694	-55.0108	-0.1865	108.5215	0.0887	-155.5295	-1.2963	-64.9595
9	1	1	0.1884	109.3375	0.1750	-48.3895	0.0187	122.7625	0.0023	-139.8555	-1.1704	-64.6233
9	1	2	-0.0177	115.4940	0.2095	-48.4199	0.6909	115.5425	-0.7071	-131.7055	-0.9161	-84.0465
9	1	3	-0.0324	115.2475	0.1269	-54.8673	0.6863	100.0655	-0.7115	-147.0845	-0.8359	-85.1323
9	2	0	0.2490	108.9315	0.3049	-34.5871	-0.4717	156.1555	0.4189	-108.8725	-1.2769	-64.8777
9	2	1	-0.0097	115.1505	0.0987	-33.6072	0.4180	147.6540	-0.4612	-100.8340	-0.8488	-84.8852
9	2	2	-0.0383	115.5770	0.1293	-40.6912	0.6077	131.9630	-0.6414	-115.4950	-0.8311	-84.3329
9	2	3	0.1831	109.3355	0.1743	-40.8894	-0.2450	140.3100	0.0512	-122.7840	-1.0911	-64.7165
9	3	0	-0.2283	125.3655	0.1575	-33.4472	0.2844	144.1585	-0.5665	-97.7024	-0.2891	-127.3860
9	3	1	-0.2565	126.0035	0.1309	-40.5433	0.4109	128.6210	-0.6955	-112.5255	-0.2339	-127.3265
9	3	2	-0.1777	121.2140	0.0921	-40.6603	0.8702	129.5135	-0.8671	-113.9480	-0.5282	-106.2065
9	3	3	-0.1760	120.8420	0.1558	-33.6159	0.7060	145.1375	-0.7044	-98.5108	-0.4241	-107.0965
10	0	0	-0.2535	125.5445	0.2304	-11.1024	0.5873	170.8750	0.3768	-32.7522	-0.1699	-128.1840
10	0	1	-0.1377	120.7515	0.2070	-11.0712	0.9420	172.1645	0.2878	-33.0345	-0.5416	-106.7415
10	0	2	-0.1676	121.3235	0.0186	-3.6737	1.2514	171.8910	-0.0376	-10.8371	-0.6130	-106.4685
10	0	3	-0.2395	126.1980	-0.1045	-3.3537	0.6206	170.9555	-0.0492	-10.9381	-0.2622	-128.4195
10	1	0	0.1855	109.0185	0.0544	-10.4028	-0.1355	186.4875	0.0956	-33.5163	-1.1025	-65.0203
10	1	1	0.1787	109.3805	-0.0099	-3.6764	0.0075	185.5480	-0.0437	-11.9271	-1.0972	-64.8077
10	1	2	-0.0587	115.5930	-0.0216	-3.6842	1.1613	174.5890	-0.0531	-11.4121	-0.7678	-84.4166
10	1	3	-0.0415	115.1760	0.0852	-10.7190	0.8519	175.5385	0.0681	-32.7848	-0.7239	-85.0045
10	2	0	0.1911	109.0700	-0.0163	10.3525	-0.1778	186.3150	-0.1657	33.6375	-1.1148	-65.1824
10	2	1	-0.0524	115.1925	-0.0458	10.6972	1.2037	174.7310	0.0143	32.6196	-0.7606	-84.8525
10	2	2	-0.0351	115.5635	0.0244	3.6054	1.1892	174.3255	0.0518	11.3361	-0.8879	-84.1822
10	2	3	0.1723	109.3710	-0.1038	3.9910	0.1338	185.4690	-0.1470	12.4102	-1.0778	-64.8195
10	3	0	-0.2208	125.4810	-0.2744	11.0092	0.7182	170.6455	-0.3892	32.5704	-0.2450	-128.1105
10	3	1	-0.2480	126.1980	-0.1039	3.8629	0.7268	170.8970	0.0740	10.7140	-0.3015	-128.3125
10	3	2	-0.1768	121.3185	-0.0428	3.6852	1.1782	172.1795	0.0596	10.8849	-0.5792	-106.5415
10	3	3	-0.1757	120.8400	-0.1413	11.1263	0.9032	172.2165	-0.2441	33.1561	-0.4024	-107.1540
11	0	0	-0.2212	125.3385	-0.2094	33.6139	0.1727	144.1070	0.3605	98.2712	-0.2862	-127.2750
11	0	1	-0.1506	120.7780	-0.0985	33.4588	0.6889	145.1640	0.6559	98.5445	-0.4835	-106.9030
11	0	2	-0.2140	121.3120	-0.1505	40.8041	0.6849	129.9750	0.7923	114.0245	-0.3759	-106.5620
11	0	3	-0.2620	126.0500	-0.2451	40.5892	0.7158	128.0030	0.6112	112.4070	-0.3024	-127.1045
11	1	0	0.2591	108.9115	-0.1091	34.2150	-0.3035	156.0015	-0.0890	108.1445	-1.3512	-64.6920
11	1	1	0.2102	109.2935	-0.1533	40.8695	-0.0896	140.0130	-0.0560	122.7690	-1.1626	-64.5938
11	1	2	-0.0596	115.6270	-0.2432	40.9189	0.5377	132.0650	0.5777	115.6930	-0.7421	-84.5228
11	1	3	-0.0241	115.1765	-0.1981	33.9018	0.5532	147.4965	0.6133	100.5935	-0.8705	-84.8031
11	2	0	0.2653	108.9425	-0.2214	54.8269	-0.0560	107.6800	-0.3311	155.7780	-1.3789	-64.7722
11	2	1	-0.0420	115.2250	-0.1867	54.8030	0.3860	101.1630	0.6178	147.2685	-0.7245	-85.2054
11	2	2	-0.0333	115.5280	-0.2966	48.5804	0.6140	115.8910	0.6247	132.1200	-0.8365	-84.2237
11	2	3	0.2108	109.2860	-0.2521	48.5291	0.0838	122.5580	-0.1452	140.1705	-1.2122	-64.5133
11	3	0	-0.2448	125.3960	-0.4514	55.1057	0.6653	97.1906	0.4724	143.6285	-0.1849	-127.4605
11	3	1	-0.2659	126.0245	-0.0711	47.2513	0.7407	112.0145	0.9207	127.3795	-0.2763	-127.1180
11	3	2	-0.2061	121.2855	-0.1990	48.2967	0.5859	114.4850	0.7691	129.8725	-0.4054	-106.4770
11	3	3	-0.1692	120.8265	-0.1913	54.9506	0.5130	98.7758	0.5427	145.1110	-0.3722	-107.1445
12	0	0	-0.2353	125.5335	-0.4673	97.3228	0.0688	-31.9489	1.0220	169.8200	-0.3016	-128.0165
12	0	1	-0.2468	126.2240	-0.3965	91.7016	0.1251	-11.2283	1.1375	169.6855	-0.3646	-128.2060
12	0	2	-0.1570	121.2880	-0.3711	92.2914	0.0901	-11.1776	1.1661	172.0545	-0.5486	-106.5875
12	0	3	-0.1463	120.7760	-0.5856	98.8687	0.2778	-33.1376	1.0574	172.2005	-0.5407	-106.7650
12	1	0	-0.2127	125.4995	-0.4125	77.9157	-0.0161	31.7804	0.7914	170.6425	-0.3313	-128.0080
12	1	1	-0.1900	120.8650	-0.3209	78.1836	-0.2033	32.9873	0.7337	172.9880	-0.3089	-107.3820
12	1	2	-0.1371	121.2225	-0.1841	84.8222	0.0067	11.0202	1.2837	171.7565	-0.6856	-106.2115
12	1	3	-0.2444	126.1965	-0.4161	84.6283	-0.1836	11.3541	0.8607	170.2970	-0.2930	-128.2105
12	2	0	0.2137	108.9670	-0.3932	79.1166	-0.0845	33.4497	-0.1631	186.6025	-1.1865	-64.8772
12	2	1	0.1908	109.3450	-0.4621	85.7542	-0.1131	12.2449	-0.0484	185.6835	-1.1374	-64.6785
12	2	2	-0.0224	115.5270	-0.3232	85.3618	-0.0238	11.4255	0.9842	174.9490	-0.8620	-84.1824
12	2	3	-0.0160	115.1175	-0.4954	78.8767	0.0180	32.6088	0.5581	176.3635	-0.8492	-84.6804
12	3	0	0.2350	108.9555	-0.6007	99.0279	0.2041	-33.6748	-0.2811	186.4530	-1.2408	-64.8178
12	3	1	-0.0052	115.0715	-0.5725	98.8030	0.1463	-32.9930	0.7859	175.6615	-0.8360	-84.6419
12	3	2	-0.0368	115.5605	-0.4245	92.7633	0.1035	-11.5722	1.0069	174.9545	-0.8156	-84.3482
12	3	3	0.1783	109.3435	-0.5231	93.2710	0.0863	-12.3254	-0.0940	185.8870	-1.0907	-64.6937
13	0	0	0.1983	109.0890	-1.0977	142.5690	0.0011	-155.0675	0.0193	107.9310	-1.1905	-65.1882
13	0	1	-0.0203	115.2405	-1.2099	141.3130	-0.5273	-147.3165	0.6262	100.4655	-0.8665	-85.1013
13	0	2	-0.0441	115.5710	-0.9443	137.1750	-0.7889	-131.7395	0.6431	115.7250	-0.8253	-84.3461
13	0	3	0.2116	109.2865	-1.0913	138.0740	0.1552	-140.1290	-0.1372	122.9285	-1.2095	-64.4847
13	1	0	-0.2652	125.4945	-1.3665	139.8800	-0.4983	-143.1370	0.6214	97.5253	-0.1812	-127.6405
13	1	1	-0.3014	126.1285	-0.8898	135.0000	-0.6438	-128.2685	0.7965	112.1485	-0.1229	-127.6715
13	1	2	-0.1970	121.2950	-0.8842	136.3595	-0.8440	-129.2770	0.6656	114.3750	-0.4375	-106.4835
13	1	3	-0.1474	120.7840	-1.2937	140.6955	-0.4756	-145.0795	0.6114	98.4618	-0.5215	-106.8080
13	2	0	-0.2257	125.3805	-0.7723	121.6775	-0.7551	-96.9861	0.4113	143.6490	-0.3232	-127.3050
13	2	1	-0.1332	120.7930	-0.5715	122.3795	-0.8293	-98.1136	0.6026	144.9095	-0.5955	-106.7540
13	2	2	-0.2002	121.3115	-0.7961	129.8235	-0.6687	-114.4615	0.6491	130.0160	-0.3928	-106.7100
13	2	3	-0.2730	125.9880	-0.7771	128.4920	-0.7341	-112.2985	0.4943	128.5715	-0.2139	-127.1440
13	3	0	0.2336	108.9735	-0.6893	123.9465	0.1757	-108.4090	-0.3023	155.9475	-1.2966	-64.8594
13	3	1	0.1930	109.2895	-0.6563	130.1395	-0.0235	-122.6490	-0.0277	139.9565	-1.1458	-64.5646
13	3	2	-0.0402	115.5870	-0.7739	130.0255	-0.6648	-115.7090	0.6471	131.7580	-0.8538	-84.3722
13	3	3	0.0075	115.0985	-0.8438	123.5395	-0.2724	-101.6850	0.3274	148.0055	-0.9156	-84.7234
