CATS_D2_X2 0.0000 0.0000 
CATS_D2_X2_Q -321.1223 0.7994 0.0000 0.0000000 
CATS_D2_X3 0.0000 0.0000 
CATS_D2_X3_Q -517.1947 0.8408 0.0000 0.0000000 
CATS_D2_X4 0.0000 0.0000 
CATS_D2_X4_Q -645.8689 0.8378 0.0000 0.0000000 
CATS_D2_X5 0.0000 0.0000 
CATS_D2_X5_Q -574.9136 0.8444 0.0000 0.0000000 
CATS_D2_X6 0.0000 0.0000 
CATS_D2_X6_Q -257.9166 0.9674 0.0000 0.0000000 
CATS_D2_X7 0.0000 0.0000 
CATS_D2_X7_Q -274.7260 0.7790 0.0000 0.0000000 
CATS_D2_X8 0.0000 0.0000 
CATS_D2_X8_Q -336.2144 1.0280 0.0000 0.0000000 
CATS_D2_X9 0.0000 0.0000 
CATS_D2_X9_Q -1000.0000 0.9752 0.0000 0.0000000 
CATS_D2_X10 0.0000 0.0000 
CATS_D2_X10_Q -666.9802 0.8495 0.0000 0.0000000 
CATS_D2_X11 0.0000 0.0000 
CATS_D2_X11_Q -400.8512 0.8027 0.0000 0.0000000 
CATS_D2_X12 0.0000 0.0000 
CATS_D2_X12_Q -631.6503 0.8244 0.0000 0.0000000 
CATS_D2_X13 0.0000 0.0000 
CATS_D2_X13_Q -366.3228 0.8393 0.0000 0.0000000 
CATS_D2_X14 0.0000 0.0000 
CATS_D2_X14_Q -840.1013 1.1540 0.0000 0.0000000 
CATS_D2_X15 0.0000 0.0000 
CATS_D2_X15_Q -286.0093 0.8622 0.0000 0.0000000 
CATS_D2_X16 0.0000 0.0000 
CATS_D2_X16_Q -514.8351 0.8103 0.0000 0.0000000 
CATS_D2_X17 0.0000 0.0000 
CATS_D2_X17_Q -230.1354 0.8522 0.0000 0.0000000 
CATS_D2_X18 0.0000 0.0000 
CATS_D2_X18_Q -352.7005 0.8397 0.0000 0.0000000 
CATS_D2_X19 0.0000 0.0000 
CATS_D2_X19_Q -207.1267 0.8532 0.0000 0.0000000 
CATS_D2_X20 0.0000 0.0000 
CATS_D2_X20_Q -216.4646 0.8574 0.0000 0.0000000 
CATS_D2_X21 0.0000 0.0000 
CATS_D2_X21_Q -341.1812 0.7753 0.0000 0.0000000 
CATS_D2_X22 0.0000 0.0000 
CATS_D2_X22_Q -230.5128 0.8679 0.0000 0.0000000 
CATS_D2_X23 0.0000 0.0000 
CATS_D2_X23_Q -329.9286 0.8385 0.0000 0.0000000 
CATS_D2_X24 0.0000 0.0000 
CATS_D2_X24_Q -555.9733 0.7863 0.0000 0.0000000 
CATS_D2_X25 0.0000 0.0000 
CATS_D2_X25_Q -265.6543 0.8245 0.0000 0.0000000 
CATS_D2_X26 0.0000 0.0000 
CATS_D2_X26_Q -375.7364 0.8321 0.0000 0.0000000 
CATS_D2_X27 0.0000 0.0000 
CATS_D2_X27_Q -413.5536 0.8528 0.0000 0.0000000 
CATS_D2_X28 0.0000 0.0000 
CATS_D2_X28_Q -739.5862 0.7999 0.0000 0.0000000 
