Mugast_T3_DSSD_X1_T 505.202 -0.0627399	1.34916e-07
Mugast_T3_DSSD_X2_T 511.137 -0.0629359	8.31761e-08
Mugast_T3_DSSD_X3_T 505.994 -0.062552	9.92665e-08
Mugast_T3_DSSD_X4_T 508.504 -0.0628376	9.85908e-08
Mugast_T3_DSSD_X5_T 511.356 -0.0632149	1.0468e-07
Mugast_T3_DSSD_X6_T 512.584 -0.0629069	4.85885e-08
Mugast_T3_DSSD_X7_T 516.839 -0.0637651	1.27805e-07
Mugast_T3_DSSD_X8_T 516.683 -0.0640525	1.33856e-07
Mugast_T3_DSSD_X9_T 517.352 -0.0639562	1.0336e-07
Mugast_T3_DSSD_X10_T 517.941 -0.063881	7.74047e-08
Mugast_T3_DSSD_X11_T 517.229 -0.0638258	7.94e-08
Mugast_T3_DSSD_X12_T 516.35 -0.0636348	6.92186e-08
Mugast_T3_DSSD_X13_T 519.73 -0.0644059	1.12634e-07
Mugast_T3_DSSD_X14_T 525.003 -0.0647082	9.85945e-08
Mugast_T3_DSSD_X15_T 521.955 -0.06459	1.04296e-07
Mugast_T3_DSSD_X16_T 519.906 -0.0647248	1.4253e-07
Mugast_T3_DSSD_X17_T 497.614 -0.0624268	2.52179e-07
Mugast_T3_DSSD_X18_T 499.82 -0.0625245	2.34595e-07
Mugast_T3_DSSD_X19_T 500.074 -0.0630411	3.06299e-07
Mugast_T3_DSSD_X20_T 501.953 -0.0632362	2.60907e-07
Mugast_T3_DSSD_X21_T 508.495 -0.0641055	2.8452e-07
Mugast_T3_DSSD_X22_T 512.9 -0.0650297	3.34321e-07
Mugast_T3_DSSD_X23_T 506.948 -0.0639116	2.82175e-07
Mugast_T3_DSSD_X24_T 512.755 -0.0644724	2.74863e-07
Mugast_T3_DSSD_X25_T 515.882 -0.0652343	3.29334e-07
Mugast_T3_DSSD_X26_T 516.206 -0.0648808	2.93261e-07
Mugast_T3_DSSD_X27_T 517.188 -0.0652254	2.95747e-07
Mugast_T3_DSSD_X28_T 513.095 -0.0645164	2.63537e-07
Mugast_T3_DSSD_X29_T 520.887 -0.0656756	2.91093e-07
Mugast_T3_DSSD_X30_T 517.92 -0.0654632	3.18349e-07
Mugast_T3_DSSD_X31_T 517.195 -0.0649542	2.58048e-07
Mugast_T3_DSSD_X32_T 516.354 -0.0650877	2.96074e-07
Mugast_T3_DSSD_X33_T 603.927 -0.0887224	1.95373e-06
Mugast_T3_DSSD_X34_T 818.908 -0.178683	1.00234e-05
Mugast_T3_DSSD_X35_T 769.595 -0.150936	7.2039e-06
Mugast_T3_DSSD_X36_T 428.496 -0.0242097	-3.27588e-06
Mugast_T3_DSSD_X37_T 988.338 -0.201853	1.02437e-05
Mugast_T3_DSSD_X38_T 600.608 -0.0965152	3.2039e-06
Mugast_T3_DSSD_X39_T 718.3 -0.121468	4.2932e-06
Mugast_T3_DSSD_X40_T 496.056 -0.0599334	1.6444e-07
Mugast_T3_DSSD_X41_T 426.843 -0.0466471	-3.66972e-08
Mugast_T3_DSSD_X42_T 682.539 -0.128109	5.57189e-06
Mugast_T3_DSSD_X43_T 498.156 -0.0453177	-3.7365e-06
Mugast_T3_DSSD_X44_T 555.785 -0.0765772	1.17038e-06
Mugast_T3_DSSD_X45_T 701.192 -0.131218	5.49345e-06
Mugast_T3_DSSD_X46_T 349.792 -0.0116781	-3.31229e-06
Mugast_T3_DSSD_X47_T 458.664 -0.0435643	-1.27136e-06
Mugast_T3_DSSD_X48_T 526.911 -0.0719392	1.37666e-06
Mugast_T3_DSSD_X49_T 550.66 -0.0759956	1.38266e-06
Mugast_T3_DSSD_X50_T 562.702 -0.0770451	1.13277e-06
Mugast_T3_DSSD_X51_T 689.216 -0.117784	4.34684e-06
Mugast_T3_DSSD_X52_T 632.179 -0.106138	3.49761e-06
Mugast_T3_DSSD_X53_T 384.141 -0.0108814	-4.66496e-06
Mugast_T3_DSSD_X54_T 681.981 -0.129264	6.02245e-06
Mugast_T3_DSSD_X55_T 553.906 -0.0709332	5.08211e-07
Mugast_T3_DSSD_X56_T 683.895 -0.125272	5.3757e-06
Mugast_T3_DSSD_X57_T 784.662 -0.148129	6.41815e-06
Mugast_T3_DSSD_X58_T 601.947 -0.0739021	-1.5848e-06
Mugast_T3_DSSD_X59_T 356.485 0.00114964	-5.52205e-06
Mugast_T3_DSSD_X60_T 743.594 -0.142364	6.46237e-06
Mugast_T3_DSSD_X61_T 619.391 -0.0967628	2.74398e-06
Mugast_T3_DSSD_X62_T 773.479 -0.162142	8.402e-06
Mugast_T3_DSSD_X63_T 321.32 0.0260628	-8.43656e-06
Mugast_T3_DSSD_X64_T 351.765 -0.00119586	-4.73288e-06
Mugast_T3_DSSD_X65_T 608.222 -0.094642	2.67505e-06
Mugast_T3_DSSD_X66_T 1.49367 0.161265	-2.3421e-05
Mugast_T3_DSSD_X67_T 1017.56 -0.221635	1.20774e-05
Mugast_T3_DSSD_X68_T 899.723 -0.178839	8.54657e-06
Mugast_T3_DSSD_X69_T 633.426 -0.109435	4.2424e-06
Mugast_T3_DSSD_X70_T 376.994 0.000756625	-6.29315e-06
Mugast_T3_DSSD_X71_T 464.399 -0.0405053	-2.45465e-06
Mugast_T3_DSSD_X72_T 181.874 0.0643358	-1.09995e-05
Mugast_T3_DSSD_X73_T 1121.66 -0.281492	1.81956e-05
Mugast_T3_DSSD_X74_T 646.309 -0.103453	3.34432e-06
Mugast_T3_DSSD_X75_T 399.894 -0.0134379	-4.05432e-06
Mugast_T3_DSSD_X76_T 548.64 -0.0753687	1.17723e-06
Mugast_T3_DSSD_X77_T 677.363 -0.118316	4.63193e-06
Mugast_T3_DSSD_X78_T 574.889 -0.0665723	-5.01693e-07
Mugast_T3_DSSD_X79_T 677.136 -0.116253	4.36045e-06
Mugast_T3_DSSD_X80_T 570.204 -0.0885801	2.78385e-06
Mugast_T3_DSSD_X81_T 455.922 -0.0452651	-1.08113e-06
Mugast_T3_DSSD_X82_T 741.568 -0.148392	7.02638e-06
Mugast_T3_DSSD_X83_T 17.9435 0.125099	-1.55017e-05
Mugast_T3_DSSD_X84_T 839.21 -0.185365	1.04607e-05
Mugast_T3_DSSD_X85_T 723.739 -0.13144	5.70504e-06
Mugast_T3_DSSD_X86_T 488.185 -0.0550272	-4.82444e-07
Mugast_T3_DSSD_X87_T 494.342 -0.0561527	-4.21734e-07
Mugast_T3_DSSD_X88_T 395.396 -0.0173493	-3.64087e-06
Mugast_T3_DSSD_X89_T 276.909 0.0355389	-9.05623e-06
Mugast_T3_DSSD_X90_T 799.157 -0.178036	1.01185e-05
Mugast_T3_DSSD_X91_T 445.307 -0.0400627	-1.72333e-06
Mugast_T3_DSSD_X92_T 656.978 -0.098145	2.17436e-06
Mugast_T3_DSSD_X93_T 880.887 -0.181101	9.1191e-06
Mugast_T3_DSSD_X94_T 770.651 -0.151698	7.28878e-06
Mugast_T3_DSSD_X95_T 931.739 -0.207169	1.15945e-05
Mugast_T3_DSSD_X96_T 624.4 -0.0887415	1.23862e-06
Mugast_T3_DSSD_X97_T 775.468 -0.157335	8.04925e-06
Mugast_T3_DSSD_X98_T 775.538 -0.156232	7.64688e-06
Mugast_T3_DSSD_X99_T 781.999 -0.156055	7.51004e-06
Mugast_T3_DSSD_X100_T 657.889 -0.108509	3.34119e-06
Mugast_T3_DSSD_X101_T 459.612 -0.0353824	-2.2641e-06
Mugast_T3_DSSD_X102_T 398.89 -0.0219768	-2.90614e-06
Mugast_T3_DSSD_X103_T 539.115 -0.0641747	-3.48579e-07
Mugast_T3_DSSD_X104_T 644.112 -0.108214	3.67691e-06
Mugast_T3_DSSD_X105_T 652.384 -0.112721	3.75462e-06
Mugast_T3_DSSD_X106_T 602.679 -0.0940214	2.8859e-06
Mugast_T3_DSSD_X107_T 612.857 -0.105636	4.09947e-06
Mugast_T3_DSSD_X108_T 671.885 -0.130011	6.21449e-06
Mugast_T3_DSSD_X109_T 553.195 -0.0798079	1.59206e-06
Mugast_T3_DSSD_X110_T 540.056 -0.0724505	1.07455e-06
Mugast_T3_DSSD_X111_T 794.661 -0.165806	8.71558e-06
Mugast_T3_DSSD_X112_T 417.983 -0.0235304	-3.24049e-06
Mugast_T3_DSSD_X113_T 634.442 -0.107227	3.95467e-06
Mugast_T3_DSSD_X114_T 573.546 -0.067562	-3.1548e-07
Mugast_T3_DSSD_X115_T 736.952 -0.148788	7.48886e-06
Mugast_T3_DSSD_X116_T 511.517 -0.0590379	-3.50059e-07
Mugast_T3_DSSD_X117_T 688.479 -0.122148	5.00394e-06
Mugast_T3_DSSD_X118_T 537.545 -0.0606123	-1.24055e-06
Mugast_T3_DSSD_X119_T 730.98 -0.145141	7.00432e-06
Mugast_T3_DSSD_X120_T 518.481 -0.0735287	1.68447e-06
Mugast_T3_DSSD_X121_T 809.824 -0.185848	1.12103e-05
Mugast_T3_DSSD_X122_T 615.103 -0.10219	3.44637e-06
Mugast_T3_DSSD_X123_T 661.439 -0.10794	3.13895e-06
Mugast_T3_DSSD_X124_T 700.004 -0.124936	4.79312e-06
Mugast_T3_DSSD_X125_T 584.807 -0.0864186	1.97421e-06
Mugast_T3_DSSD_X126_T 523.364 -0.0644139	2.68228e-08
Mugast_T3_DSSD_X127_T 499.665 -0.0633087	6.47305e-07
Mugast_T3_DSSD_X128_T 555.64 -0.0807595	1.69468e-06
