CATS_D2_X1 inf 0.0000 
CATS_D2_X1_Q 0.0000 0.0000 0.0000 0.0000000 
CATS_D2_X2 464.0818 0.0000 
CATS_D2_X2_Q -156.3689 0.7679 9259.8558 0.0000310 
CATS_D2_X3 543.2775 0.0000 
CATS_D2_X3_Q -226.6812 0.7854 9469.2493 0.0000853 
CATS_D2_X4 595.4464 0.0000 
CATS_D2_X4_Q -256.3224 0.7664 9933.4176 0.0001672 
CATS_D2_X5 551.1941 0.0000 
CATS_D2_X5_Q -229.7767 0.7797 9625.1409 0.0001208 
CATS_D2_X6 473.3244 0.0000 
CATS_D2_X6_Q -257.9067 0.9674 0.0000 0.0000000 
CATS_D2_X7 393.7239 0.0000 
CATS_D2_X7_Q -93.3935 0.7452 9546.3922 0.0000338 
CATS_D2_X8 521.6279 0.0000 
CATS_D2_X8_Q -336.2157 1.0280 0.0000 0.0000000 
CATS_D2_X9 542.1664 0.0000 
CATS_D2_X9_Q -242.9223 0.8169 7578.4384 0.0001782 
CATS_D2_X10 540.5510 0.0000 
CATS_D2_X10_Q -213.9298 0.7658 10015.9578 0.0002638 
CATS_D2_X11 564.3173 0.0000 
CATS_D2_X11_Q -235.5795 0.7719 9442.6665 0.0000359 
CATS_D2_X12 587.5734 0.0000 
CATS_D2_X12_Q -243.0130 0.7540 10154.1652 0.0001952 
CATS_D2_X13 563.4825 0.0000 
CATS_D2_X13_Q -260.9903 0.8181 8413.2990 0.0000164 
CATS_D2_X14 451.7529 0.0000 
CATS_D2_X14_Q -255.0378 1.0073 7187.9794 0.0004235 
CATS_D2_X15 495.3946 0.0000 
CATS_D2_X15_Q -220.2530 0.8483 7759.3635 0.0000086 
CATS_D2_X16 559.8486 0.0000 
CATS_D2_X16_Q -223.4717 0.7564 9950.8843 0.0001081 
CATS_D2_X17 353.3468 0.0000 
CATS_D2_X17_Q -90.8198 0.8230 8739.3218 0.0000372 
CATS_D2_X18 450.3048 0.0000 
CATS_D2_X18_Q -160.9281 0.8015 8976.7458 0.0000448 
CATS_D2_X19 381.4490 0.0000 
CATS_D2_X19_Q -118.3599 0.8346 8113.6295 0.0000142 
CATS_D2_X20 433.7613 0.0000 
CATS_D2_X20_Q -167.5842 0.8474 9628.4029 0.0000238 
CATS_D2_X21 558.8457 0.0000 
CATS_D2_X21_Q -220.8591 0.7531 9435.9071 0.0000210 
CATS_D2_X22 382.7038 0.0000 
CATS_D2_X22_Q -123.3500 0.8449 8330.9038 0.0000227 
CATS_D2_X23 389.7059 0.0000 
CATS_D2_X23_Q -109.6632 0.7946 9129.6860 0.0000598 
CATS_D2_X24 585.9794 0.0000 
CATS_D2_X24_Q -226.5077 0.7279 10462.5469 0.0001356 
CATS_D2_X25 421.8581 0.0000 
CATS_D2_X25_Q -136.9417 0.7987 9102.4890 0.0000321 
CATS_D2_X26 344.3816 0.0000 
CATS_D2_X26_Q -65.7895 0.7718 9756.0911 0.0001415 
CATS_D2_X27 358.4591 0.0000 
CATS_D2_X27_Q -82.0910 0.7870 9515.8206 0.0001467 
CATS_D2_X28 462.5508 0.0000 
CATS_D2_X28_Q -120.1153 0.6921 10994.0424 0.0006525 
