CATS_D1_X1 0.0000 0.0000 
CATS_D1_X1_Q -86.1895 0.9105 0.0000 0.0000000 
CATS_D1_X3 0.0000 0.0000 
CATS_D1_X3_Q -936.9500 0.7477 0.0000 0.0000000 
CATS_D1_X4 0.0000 0.0000 
CATS_D1_X4_Q -332.4079 0.8961 0.0000 0.0000000 
CATS_D1_X6 0.0000 0.0000 
CATS_D1_X6_Q -475.6794 0.8161 0.0000 0.0000000 
CATS_D1_X7 0.0000 0.0000 
CATS_D1_X7_Q -268.5701 0.8246 0.0000 0.0000000 
CATS_D1_X8 0.0000 0.0000 
CATS_D1_X8_Q -227.0490 1.1611 0.0000 0.0000000 
CATS_D1_X9 0.0000 0.0000 
CATS_D1_X9_Q -560.6394 0.7961 0.0000 0.0000000 
CATS_D1_X10 0.0000 0.0000 
CATS_D1_X10_Q -458.9824 1.1272 0.0000 0.0000000 
CATS_D1_X11 0.0000 0.0000 
CATS_D1_X11_Q -289.6625 0.9211 0.0000 0.0000000 
CATS_D1_X12 0.0000 0.0000 
CATS_D1_X12_Q -494.6299 0.9994 0.0000 0.0000000 
CATS_D1_X13 0.0000 0.0000 
CATS_D1_X13_Q -219.1609 0.8890 0.0000 0.0000000 
CATS_D1_X14 0.0000 0.0000 
CATS_D1_X14_Q -268.3596 0.9205 0.0000 0.0000000 
CATS_D1_X15 0.0000 0.0000 
CATS_D1_X15_Q -389.2703 0.8221 0.0000 0.0000000 
CATS_D1_X16 0.0000 0.0000 
CATS_D1_X16_Q -283.7126 0.8076 0.0000 0.0000000 
CATS_D1_X17 0.0000 0.0000 
CATS_D1_X17_Q -174.2953 1.2375 0.0000 0.0000000 
CATS_D1_X18 0.0000 0.0000 
CATS_D1_X18_Q -192.0157 0.8142 0.0000 0.0000000 
CATS_D1_X19 0.0000 0.0000 
CATS_D1_X19_Q -252.3890 0.8977 0.0000 0.0000000 
CATS_D1_X20 0.0000 0.0000 
CATS_D1_X20_Q -384.0851 1.0901 0.0000 0.0000000 
CATS_D1_X21 0.0000 0.0000 
CATS_D1_X21_Q -202.0265 0.8690 0.0000 0.0000000 
CATS_D1_X22 0.0000 0.0000 
CATS_D1_X22_Q -284.9342 0.8448 0.0000 0.0000000 
CATS_D1_X23 0.0000 0.0000 
CATS_D1_X23_Q -365.5297 0.8175 0.0000 0.0000000 
CATS_D1_X24 0.0000 0.0000 
CATS_D1_X24_Q -176.6168 0.8478 0.0000 0.0000000 
CATS_D1_X25 0.0000 0.0000 
CATS_D1_X25_Q -527.8910 0.7646 0.0000 0.0000000 
CATS_D1_X26 0.0000 0.0000 
CATS_D1_X26_Q -225.2520 1.1705 0.0000 0.0000000 
CATS_D1_X27 0.0000 0.0000 
CATS_D1_X27_Q -301.2411 0.8480 0.0000 0.0000000 
CATS_D1_X28 0.0000 0.0000 
CATS_D1_X28_Q -1000.0000 0.7568 0.0000 0.0000000 
