CATS_D1_X1 220.4742 0.0000 
CATS_D1_X1_Q 3.7282 0.8902 8979.3691 0.0000727 
CATS_D1_X2 inf 0.0000 
CATS_D1_X2_Q 0.0000 0.0000 0.0000 0.0000000 
CATS_D1_X3 567.8441 0.0000 
CATS_D1_X3_Q -154.9363 0.6251 11890.6940 0.0004572 
CATS_D1_X4 506.4960 0.0000 
CATS_D1_X4_Q -244.6943 0.8780 9383.3398 0.0000514 
CATS_D1_X5 inf 0.0000 
CATS_D1_X5_Q 0.0000 0.0000 0.0000 0.0000000 
CATS_D1_X6 481.2377 0.0000 
CATS_D1_X6_Q -164.8547 0.7582 10147.2314 0.0001602 
CATS_D1_X7 407.7410 0.0000 
CATS_D1_X7_Q -124.8560 0.7967 10188.7065 0.0000984 
CATS_D1_X8 367.7840 0.0000 
CATS_D1_X8_Q -227.0507 1.1611 0.0000 0.0000000 
CATS_D1_X9 474.2346 0.0000 
CATS_D1_X9_Q -142.7484 0.7227 10721.1897 0.0003241 
CATS_D1_X10 460.4619 0.0000 
CATS_D1_X10_Q -299.6464 1.0851 6523.4698 0.0000516 
CATS_D1_X11 478.6636 0.0000 
CATS_D1_X11_Q -235.2943 0.9094 9048.1570 0.0000302 
CATS_D1_X12 387.9757 0.0000 
CATS_D1_X12_Q -157.5072 0.9215 7755.4974 0.0001269 
CATS_D1_X13 414.8385 0.0000 
CATS_D1_X13_Q -163.9263 0.8773 9300.5621 0.0000304 
CATS_D1_X14 458.7512 0.0000 
CATS_D1_X14_Q -217.2070 0.9094 9031.9262 0.0000282 
CATS_D1_X15 507.8724 0.0000 
CATS_D1_X15_Q -199.4845 0.7866 10411.4265 0.0001276 
CATS_D1_X16 540.7802 0.0000 
CATS_D1_X16_Q -231.3915 0.7977 10313.9255 0.0000225 
CATS_D1_X17 276.4205 0.0000 
CATS_D1_X17_Q -139.2124 1.2272 6636.0080 0.0000339 
CATS_D1_X18 424.1286 0.0000 
CATS_D1_X18_Q -141.1518 0.8044 10118.4512 0.0000218 
CATS_D1_X19 452.9481 0.0000 
CATS_D1_X19_Q -201.7969 0.8871 9240.1540 0.0000255 
CATS_D1_X20 394.3847 0.0000 
CATS_D1_X20_Q -212.4695 1.0459 6690.0949 0.0000562 
CATS_D1_X21 401.1614 0.0000 
CATS_D1_X21_Q -143.7604 0.8569 9498.9516 0.0000295 
CATS_D1_X22 403.0224 0.0000 
CATS_D1_X22_Q -128.0481 0.8140 9976.0753 0.0000932 
CATS_D1_X23 426.4365 0.0000 
CATS_D1_X23_Q -129.8877 0.7736 10497.4945 0.0001595 
CATS_D1_X24 397.2144 0.0000 
CATS_D1_X24_Q -133.2587 0.8390 9691.4081 0.0000200 
CATS_D1_X25 367.1955 0.0000 
CATS_D1_X25_Q -50.6577 0.6826 11261.3627 0.0004388 
CATS_D1_X26 363.3385 0.0000 
CATS_D1_X26_Q -225.2797 1.1705 0.0000 0.0000000 
CATS_D1_X27 442.4659 0.0000 
CATS_D1_X27_Q -163.0382 0.8205 9941.2275 0.0000839 
CATS_D1_X28 477.1692 0.0000 
CATS_D1_X28_Q -89.6524 0.6070 11337.4100 0.0004994 
