CATS_D1_X1 0.0000 0.0000 
CATS_D1_X1_Q 3.7282 0.8902 8979.3691 0.0000727 
CATS_D1_X2 0.0000 0.0000 
CATS_D1_X2_Q 0.0000 0.0000 0.0000 0.0000000 
CATS_D1_X3 0.0000 0.0000 
CATS_D1_X3_Q -154.9363 0.6251 9842.8698 0.0000885 
CATS_D1_X4 0.0000 0.0000 
CATS_D1_X4_Q -244.6943 0.8780 9383.3398 0.0000514 
CATS_D1_X5 0.0000 0.0000 
CATS_D1_X5_Q 0.0000 0.0000 0.0000 0.0000000 
CATS_D1_X6 0.0000 0.0000 
CATS_D1_X6_Q -164.8547 0.7582 8133.1609 0.0000382 
CATS_D1_X7 0.0000 0.0000 
CATS_D1_X7_Q -124.8560 0.7967 10188.7065 0.0000984 
CATS_D1_X8 0.0000 0.0000 
CATS_D1_X8_Q -227.0507 1.1611 0.0000 0.0000000 
CATS_D1_X9 0.0000 0.0000 
CATS_D1_X9_Q -142.7484 0.7227 8500.4371 0.0000534 
CATS_D1_X10 0.0000 0.0000 
CATS_D1_X10_Q -299.6464 1.0851 5805.8400 0.0000307 
CATS_D1_X11 0.0000 0.0000 
CATS_D1_X11_Q -235.2943 0.9094 9048.1570 0.0000302 
CATS_D1_X12 0.0000 0.0000 
CATS_D1_X12_Q -157.5072 0.9215 6678.8291 0.0000569 
CATS_D1_X13 0.0000 0.0000 
CATS_D1_X13_Q -163.9263 0.8773 9300.5621 0.0000304 
CATS_D1_X14 0.0000 0.0000 
CATS_D1_X14_Q -217.2070 0.9094 9031.9262 0.0000282 
CATS_D1_X15 0.0000 0.0000 
CATS_D1_X15_Q -199.4845 0.7866 10411.4265 0.0001276 
CATS_D1_X16 0.0000 0.0000 
CATS_D1_X16_Q -231.3915 0.7977 10313.9255 0.0000225 
CATS_D1_X17 0.0000 0.0000 
CATS_D1_X17_Q -139.2124 1.2272 6636.0080 0.0000339 
CATS_D1_X18 0.0000 0.0000 
CATS_D1_X18_Q -141.1518 0.8044 10118.4512 0.0000218 
CATS_D1_X19 0.0000 0.0000 
CATS_D1_X19_Q -201.7969 0.8871 9240.1540 0.0000255 
CATS_D1_X20 0.0000 0.0000 
CATS_D1_X20_Q -212.4695 1.0459 5936.3007 0.0000327 
CATS_D1_X21 0.0000 0.0000 
CATS_D1_X21_Q -143.7604 0.8569 9498.9516 0.0000295 
CATS_D1_X22 0.0000 0.0000 
CATS_D1_X22_Q -128.0481 0.8140 9976.0753 0.0000932 
CATS_D1_X23 0.0000 0.0000 
CATS_D1_X23_Q -129.8877 0.7736 10497.4945 0.0001595 
CATS_D1_X24 0.0000 0.0000 
CATS_D1_X24_Q -133.2587 0.8390 9691.4081 0.0000200 
CATS_D1_X25 0.0000 0.0000 
CATS_D1_X25_Q -50.6577 0.6826 8866.0297 0.0000593 
CATS_D1_X26 0.0000 0.0000 
CATS_D1_X26_Q -225.2797 1.1705 0.0000 0.0000000 
CATS_D1_X27 0.0000 0.0000 
CATS_D1_X27_Q -163.0382 0.8205 9941.2275 0.0000839 
CATS_D1_X28 0.0000 0.0000 
CATS_D1_X28_Q -89.6524 0.6070 10028.2421 0.0001625 
