Mugast_T3_DSSD_X1_T 505.202 -0.0627399	1.34916e-07
Mugast_T3_DSSD_X2_T 511.137 -0.0629359	8.31761e-08
Mugast_T3_DSSD_X3_T 505.994 -0.062552	9.92665e-08
Mugast_T3_DSSD_X4_T 508.504 -0.0628376	9.85908e-08
Mugast_T3_DSSD_X5_T 511.356 -0.0632149	1.0468e-07
Mugast_T3_DSSD_X6_T 512.584 -0.0629069	4.85885e-08
Mugast_T3_DSSD_X7_T 516.839 -0.0637651	1.27805e-07
Mugast_T3_DSSD_X8_T 516.683 -0.0640525	1.33856e-07
Mugast_T3_DSSD_X9_T 517.352 -0.0639562	1.0336e-07
Mugast_T3_DSSD_X10_T 517.941 -0.063881	7.74047e-08
Mugast_T3_DSSD_X11_T 517.229 -0.0638258	7.94e-08
Mugast_T3_DSSD_X12_T 516.35 -0.0636348	6.92186e-08
Mugast_T3_DSSD_X13_T 519.73 -0.0644059	1.12634e-07
Mugast_T3_DSSD_X14_T 525.003 -0.0647082	9.85945e-08
Mugast_T3_DSSD_X15_T 521.955 -0.06459	1.04296e-07
Mugast_T3_DSSD_X16_T 519.906 -0.0647248	1.4253e-07
Mugast_T3_DSSD_X17_T 497.614 -0.0624268	2.52179e-07
Mugast_T3_DSSD_X18_T 499.82 -0.0625245	2.34595e-07
Mugast_T3_DSSD_X19_T 500.074 -0.0630411	3.06299e-07
Mugast_T3_DSSD_X20_T 501.953 -0.0632362	2.60907e-07
Mugast_T3_DSSD_X21_T 508.495 -0.0641055	2.8452e-07
Mugast_T3_DSSD_X22_T 512.9 -0.0650297	3.34321e-07
Mugast_T3_DSSD_X23_T 506.948 -0.0639116	2.82175e-07
Mugast_T3_DSSD_X24_T 512.755 -0.0644724	2.74863e-07
Mugast_T3_DSSD_X25_T 515.882 -0.0652343	3.29334e-07
Mugast_T3_DSSD_X26_T 516.206 -0.0648808	2.93261e-07
Mugast_T3_DSSD_X27_T 517.188 -0.0652254	2.95747e-07
Mugast_T3_DSSD_X28_T 513.095 -0.0645164	2.63537e-07
Mugast_T3_DSSD_X29_T 520.887 -0.0656756	2.91093e-07
Mugast_T3_DSSD_X30_T 517.92 -0.0654632	3.18349e-07
Mugast_T3_DSSD_X31_T 517.195 -0.0649542	2.58048e-07
Mugast_T3_DSSD_X32_T 516.354 -0.0650877	2.96074e-07
Mugast_T3_DSSD_X33_T 676.145 -0.111793	3.74667e-06
Mugast_T3_DSSD_X34_T 765.061 -0.149714	7.2699e-06
Mugast_T3_DSSD_X35_T 726.556 -0.124826	4.54719e-06
Mugast_T3_DSSD_X36_T 509.668 -0.049839	-1.30502e-06
Mugast_T3_DSSD_X37_T 1187.9 -0.257076	1.40345e-05
Mugast_T3_DSSD_X38_T 589.017 -0.0813125	1.41917e-06
Mugast_T3_DSSD_X39_T 793.626 -0.144976	6.08321e-06
Mugast_T3_DSSD_X40_T 560.108 -0.0722088	6.54392e-07
Mugast_T3_DSSD_X41_T 518.89 -0.0700344	1.43997e-06
Mugast_T3_DSSD_X42_T 638.148 -0.099955	2.5448e-06
Mugast_T3_DSSD_X43_T 485.877 -0.025891	-6.48982e-06
Mugast_T3_DSSD_X44_T 694.901 -0.120134	4.51077e-06
Mugast_T3_DSSD_X45_T 622.408 -0.0905263	1.40397e-06
Mugast_T3_DSSD_X46_T 408.59 -0.0227523	-2.8796e-06
Mugast_T3_DSSD_X47_T 403.501 -0.0129573	-4.29223e-06
Mugast_T3_DSSD_X48_T 628.602 -0.0988014	3.13606e-06
Mugast_T3_DSSD_X49_T 678.447 -0.115105	4.30695e-06
Mugast_T3_DSSD_X50_T 559.62 -0.0641994	-5.54276e-07
Mugast_T3_DSSD_X51_T 621.997 -0.0853128	1.41666e-06
Mugast_T3_DSSD_X52_T 752.158 -0.139979	5.863e-06
Mugast_T3_DSSD_X53_T 510.901 -0.0497505	-1.73197e-06
Mugast_T3_DSSD_X54_T 743.34 -0.149546	7.63524e-06
Mugast_T3_DSSD_X55_T 658.345 -0.103496	2.98801e-06
Mugast_T3_DSSD_X56_T 716.078 -0.125584	4.84763e-06
Mugast_T3_DSSD_X57_T 787.609 -0.149084	6.49355e-06
Mugast_T3_DSSD_X58_T 752.156 -0.116919	1.45749e-06
Mugast_T3_DSSD_X59_T 294.329 0.0349775	-8.94571e-06
Mugast_T3_DSSD_X60_T 889.197 -0.185862	9.65452e-06
Mugast_T3_DSSD_X61_T 551.375 -0.061942	-6.12302e-07
Mugast_T3_DSSD_X62_T 833.956 -0.17299	8.71699e-06
Mugast_T3_DSSD_X63_T 416.877 0.00387177	-7.21261e-06
Mugast_T3_DSSD_X64_T 284.643 0.0331219	-8.01701e-06
Mugast_T3_DSSD_X65_T 745.619 -0.135195	5.62569e-06
Mugast_T3_DSSD_X66_T 74.5354 0.139361	-2.1232e-05
Mugast_T3_DSSD_X67_T 1003.06 -0.204216	9.97783e-06
Mugast_T3_DSSD_X68_T 815.206 -0.137841	4.56782e-06
Mugast_T3_DSSD_X69_T 571.75 -0.0775504	1.23397e-06
Mugast_T3_DSSD_X70_T 406.037 -0.00272783	-5.96881e-06
Mugast_T3_DSSD_X71_T 584.757 -0.07455	-6.08518e-08
Mugast_T3_DSSD_X72_T 99.9035 0.10544	-1.50275e-05
Mugast_T3_DSSD_X73_T 1125.33 -0.270866	1.66639e-05
Mugast_T3_DSSD_X74_T 795.77 -0.147704	6.55908e-06
Mugast_T3_DSSD_X75_T 448.532 -0.0285536	-2.90925e-06
Mugast_T3_DSSD_X76_T 556.233 -0.0666453	-1.29688e-07
Mugast_T3_DSSD_X77_T 663.584 -0.102435	2.81778e-06
Mugast_T3_DSSD_X78_T 747.849 -0.117779	3.24377e-06
Mugast_T3_DSSD_X79_T 653.659 -0.100204	2.93095e-06
Mugast_T3_DSSD_X80_T 571.818 -0.0784256	1.45857e-06
Mugast_T3_DSSD_X81_T 525.363 -0.0600254	-3.59398e-07
Mugast_T3_DSSD_X82_T 687.729 -0.117464	3.8681e-06
Mugast_T3_DSSD_X83_T 155.624 0.0824831	-1.22747e-05
Mugast_T3_DSSD_X84_T 791.709 -0.159271	8.02322e-06
Mugast_T3_DSSD_X85_T 728.119 -0.132834	5.8123e-06
Mugast_T3_DSSD_X86_T 572.793 -0.0756816	7.49259e-07
Mugast_T3_DSSD_X87_T 452.488 -0.0301695	-3.06353e-06
Mugast_T3_DSSD_X88_T 541.538 -0.0620426	-2.86973e-07
Mugast_T3_DSSD_X89_T 336.623 0.0198844	-7.58063e-06
Mugast_T3_DSSD_X90_T 942.042 -0.221302	1.33597e-05
Mugast_T3_DSSD_X91_T 541.855 -0.0715215	7.70603e-07
Mugast_T3_DSSD_X92_T 754.842 -0.128777	4.51882e-06
Mugast_T3_DSSD_X93_T 812.289 -0.158878	7.36926e-06
Mugast_T3_DSSD_X94_T 732.475 -0.129246	5.18817e-06
Mugast_T3_DSSD_X95_T 882.328 -0.179351	8.86011e-06
Mugast_T3_DSSD_X96_T 766.409 -0.129066	4.06931e-06
Mugast_T3_DSSD_X97_T 743.478 -0.137629	6.24422e-06
Mugast_T3_DSSD_X98_T 816.357 -0.159376	7.32716e-06
Mugast_T3_DSSD_X99_T 773.75 -0.14518	6.49727e-06
Mugast_T3_DSSD_X100_T 596.821 -0.0752854	1.45485e-08
Mugast_T3_DSSD_X101_T 504.967 -0.0497954	-1.15236e-06
Mugast_T3_DSSD_X102_T 484.384 -0.0488653	-8.51732e-07
Mugast_T3_DSSD_X103_T 700.692 -0.11446	3.50046e-06
Mugast_T3_DSSD_X104_T 687.228 -0.112177	3.40822e-06
Mugast_T3_DSSD_X105_T 722.063 -0.13196	5.54647e-06
Mugast_T3_DSSD_X106_T 678.179 -0.117638	4.67819e-06
Mugast_T3_DSSD_X107_T 702.018 -0.127201	5.37368e-06
Mugast_T3_DSSD_X108_T 614.375 -0.0993506	3.29781e-06
Mugast_T3_DSSD_X109_T 656.894 -0.107495	3.42173e-06
Mugast_T3_DSSD_X110_T 677.163 -0.1138	4.13511e-06
Mugast_T3_DSSD_X111_T 860.654 -0.178204	9.18314e-06
Mugast_T3_DSSD_X112_T 490.716 -0.0381218	-2.60074e-06
Mugast_T3_DSSD_X113_T 743.704 -0.141671	6.59368e-06
Mugast_T3_DSSD_X114_T 640.081 -0.0885954	1.31121e-06
Mugast_T3_DSSD_X115_T 769.592 -0.149344	6.97477e-06
Mugast_T3_DSSD_X116_T 642.613 -0.0990083	2.63999e-06
Mugast_T3_DSSD_X117_T 713.938 -0.130534	5.67077e-06
Mugast_T3_DSSD_X118_T 714.285 -0.115911	3.0406e-06
Mugast_T3_DSSD_X119_T 701.597 -0.125925	5.20461e-06
Mugast_T3_DSSD_X120_T 627.123 -0.102464	3.5973e-06
Mugast_T3_DSSD_X121_T 935.333 -0.221988	1.37801e-05
Mugast_T3_DSSD_X122_T 754.825 -0.14405	6.5364e-06
Mugast_T3_DSSD_X123_T 753.498 -0.129453	4.32835e-06
Mugast_T3_DSSD_X124_T 817.607 -0.156876	6.93061e-06
Mugast_T3_DSSD_X125_T 710.925 -0.124836	4.84584e-06
Mugast_T3_DSSD_X126_T 681.781 -0.112992	3.7005e-06
Mugast_T3_DSSD_X127_T 610.796 -0.0933637	2.66618e-06
Mugast_T3_DSSD_X128_T 640.079 -0.100526	2.80745e-06
