   0.00   2.339773E+01     -0.0000
   1.00   2.333327E+01      1.0820
   2.00   2.314282E+01      2.1176
   3.00   2.283472E+01      3.0632
   4.00   2.242166E+01      3.8799
   5.00   2.191909E+01      4.5360
   6.00   2.134341E+01      5.0092
   7.00   2.071018E+01      5.2882
   8.00   2.003264E+01      5.3741
   9.00   1.932070E+01      5.2810
  10.00   1.858044E+01      5.0347
  11.00   1.781422E+01      4.6703
  12.00   1.702139E+01      4.2279
  13.00   1.619932E+01      3.7482
  14.00   1.534474E+01      3.2673
  15.00   1.445513E+01      2.8130
  16.00   1.352983E+01      2.4034
  17.00   1.257102E+01      2.0464
  18.00   1.158413E+01      1.7402
  19.00   1.057794E+01      1.4755
  20.00   9.564361E+00      1.2364
  21.00   8.557773E+00      1.0025
  22.00   7.574272E+00      0.7500
  23.00   6.630675E+00      0.4546
  24.00   5.743441E+00      0.0953
  25.00   4.927564E+00     -0.3382
  26.00   4.195530E+00     -0.8350
  27.00   3.556420E+00     -1.3482
  28.00   3.015277E+00     -1.7791
  29.00   2.572806E+00     -1.9686
  30.00   2.225436E+00     -1.7125
  31.00   1.965727E+00     -0.8141
  32.00   1.783074E+00      0.8305
  33.00   1.664590E+00      3.1620
  34.00   1.596096E+00      5.9603
  35.00   1.563107E+00      8.9270
  36.00   1.551758E+00     11.7893
  37.00   1.549608E+00     14.3614
  38.00   1.546281E+00     16.5516
  39.00   1.533907E+00     18.3382
  40.00   1.507338E+00     19.7398
  41.00   1.464121E+00     20.7952
  42.00   1.404254E+00     21.5509
  43.00   1.329765E+00     22.0584
  44.00   1.244170E+00     22.3744
  45.00   1.151879E+00     22.5647
  46.00   1.057628E+00     22.7092
  47.00   9.659645E-01     22.9045
  48.00   8.808307E-01     23.2634
  49.00   8.052585E-01     23.9047
  50.00   7.411837E-01     24.9323
  51.00   6.893836E-01     26.4068
  52.00   6.495330E-01     28.3194
  53.00   6.203631E-01     30.5851
  54.00   5.998992E-01     33.0615
  55.00   5.857409E-01     35.5876
  56.00   5.753481E-01     38.0213
  57.00   5.663004E-01     40.2624
  58.00   5.565059E-01     42.2575
  59.00   5.443504E-01     43.9925
  60.00   5.287822E-01     45.4803
  61.00   5.093378E-01     46.7502
  62.00   4.861118E-01     47.8400
  63.00   4.596794E-01     48.7910
  64.00   4.309804E-01     49.6461
  65.00   4.011782E-01     50.4482
  66.00   3.715122E-01     51.2394
  67.00   3.431602E-01     52.0593
  68.00   3.171272E-01     52.9418
  69.00   2.941672E-01     53.9095
  70.00   2.747419E-01     54.9691
  71.00   2.590105E-01     56.1069
  72.00   2.468469E-01     57.2898
  73.00   2.378771E-01     58.4723
  74.00   2.315332E-01     59.6070
  75.00   2.271195E-01     60.6558
  76.00   2.238853E-01     61.5966
  77.00   2.210975E-01     62.4241
  78.00   2.181038E-01     63.1468
  79.00   2.143814E-01     63.7818
  80.00   2.095655E-01     64.3511
  81.00   2.034587E-01     64.8779
  82.00   1.960244E-01     65.3858
  83.00   1.873683E-01     65.8977
  84.00   1.777131E-01     66.4357
  85.00   1.673681E-01     67.0199
  86.00   1.566953E-01     67.6673
  87.00   1.460746E-01     68.3900
  88.00   1.358680E-01     69.1919
  89.00   1.263895E-01     70.0672
  90.00   1.178801E-01     70.9977
  91.00   1.104942E-01     71.9538
  92.00   1.042961E-01     72.8968
  93.00   9.926532E-02     73.7843
  94.00   9.530876E-02     74.5773
  95.00   9.227677E-02     75.2466
  96.00   8.998033E-02     75.7766
  97.00   8.820857E-02     76.1669
  98.00   8.674567E-02     76.4293
  99.00   8.538669E-02     76.5845
 100.00   8.395142E-02     76.6571
 101.00   8.229526E-02     76.6726
 102.00   8.031624E-02     76.6546
 103.00   7.795766E-02     76.6234
 104.00   7.520668E-02     76.5962
 105.00   7.208954E-02     76.5866
 106.00   6.866461E-02     76.6053
 107.00   6.501409E-02     76.6603
 108.00   6.123534E-02     76.7564
 109.00   5.743225E-02     76.8956
 110.00   5.370730E-02     77.0763
 111.00   5.015454E-02     77.2933
 112.00   4.685400E-02     77.5378
 113.00   4.386754E-02     77.7972
 114.00   4.123638E-02     78.0562
 115.00   3.898004E-02     78.2976
 116.00   3.709673E-02     78.5045
 117.00   3.556501E-02     78.6623
 118.00   3.434665E-02     78.7611
 119.00   3.339057E-02     78.7969
 120.00   3.263743E-02     78.7724
 121.00   3.202450E-02     78.6952
 122.00   3.149020E-02     78.5768
 123.00   3.097786E-02     78.4299
 124.00   3.043853E-02     78.2673
 125.00   2.983283E-02     78.1005
 126.00   2.913203E-02     77.9396
 127.00   2.831854E-02     77.7924
 128.00   2.738583E-02     77.6648
 129.00   2.633771E-02     77.5594
 130.00   2.518713E-02     77.4760
 131.00   2.395425E-02     77.4106
 132.00   2.266436E-02     77.3552
 133.00   2.134575E-02     77.2981
 134.00   2.002790E-02     77.2236
 135.00   1.873997E-02     77.1126
 136.00   1.750963E-02     76.9424
 137.00   1.636185E-02     76.6872
 138.00   1.531779E-02     76.3202
 139.00   1.439362E-02     75.8159
 140.00   1.359962E-02     75.1554
 141.00   1.293973E-02     74.3316
 142.00   1.241171E-02     73.3536
 143.00   1.200789E-02     72.2480
 144.00   1.171612E-02     71.0562
 145.00   1.152097E-02     69.8278
 146.00   1.140473E-02     68.6125
 147.00   1.134840E-02     67.4527
 148.00   1.133267E-02     66.3786
 149.00   1.133897E-02     65.4059
 150.00   1.135063E-02     64.5365
 151.00   1.135380E-02     63.7595
 152.00   1.133821E-02     63.0533
 153.00   1.129733E-02     62.3868
 154.00   1.122814E-02     61.7211
 155.00   1.113055E-02     61.0108
 156.00   1.100680E-02     60.2051
 157.00   1.086093E-02     59.2503
 158.00   1.069849E-02     58.0916
 159.00   1.052641E-02     56.6755
 160.00   1.035291E-02     54.9525
 161.00   1.018722E-02     52.8808
 162.00   1.003913E-02     50.4317
 163.00   9.918315E-03     47.5961
 164.00   9.833541E-03     44.3907
 165.00   9.791871E-03     40.8637
 166.00   9.797946E-03     37.0944
 167.00   9.853482E-03     33.1876
 168.00   9.957033E-03     29.2616
 169.00   1.010408E-02     25.4324
 170.00   1.028745E-02     21.7994
 171.00   1.049792E-02     18.4347
 172.00   1.072501E-02     15.3791
 173.00   1.095774E-02     12.6443
 174.00   1.118530E-02     10.2179
 175.00   1.139752E-02      8.0709
 176.00   1.158520E-02      6.1638
 177.00   1.174029E-02      4.4513
 178.00   1.185616E-02      2.8858
 179.00   1.192778E-02      1.4184
 180.00   1.195202E-02     -0.0000
