MUST2_T3_CsI1_E 20.1285 -0.0379464 4.33975e-06
MUST2_T3_CsI2_E -10.3446 -0.0325368 4.12927e-06
MUST2_T3_CsI3_E -122.737 -0.00970716 3.01418e-06
MUST2_T3_CsI4_E 29.7796 -0.0393498 4.36621e-06
MUST2_T3_CsI5_E 31.2552 -0.0359235 3.93053e-06
MUST2_T3_CsI6_E 89.5416 -0.0510558 4.90736e-06
MUST2_T3_CsI7_E -16.3394 -0.0240623 3.18812e-06
MUST2_T3_CsI8_E -20.7311 -0.0209682 2.87332e-06
MUST2_T3_CsI9_E 219.105 -0.0866994 7.32935e-06
MUST2_T3_CsI10_E -131.613 -0.00348493 2.38289e-06
MUST2_T3_CsI11_E 170.654 -0.0688607 5.87667e-06
MUST2_T3_CsI12_E 195.908 -0.0687738 5.60564e-06
MUST2_T3_CsI13_E -147.003 0.00471507 1.61378e-06
MUST2_T3_CsI14_E -97.9088 -0.00739723 2.36551e-06
MUST2_T3_CsI15_E 39.6939 -0.0427194 4.62967e-06
MUST2_T3_CsI16_E 75.4899 -0.0427934 4.20213e-06
