MUST2_T1_CsI1_E -169.528 0.000487334 2.45982e-06
MUST2_T1_CsI2_E -159.616 0.000460151 2.31644e-06
MUST2_T1_CsI3_E -146.951 0.010304 9.208e-07
MUST2_T1_CsI4_E 0.0 0.0 0.0
MUST2_T1_CsI5_E -107.495 -0.00790858 2.56004e-06
MUST2_T1_CsI6_E -68.6924 -0.020468 3.51703e-06
MUST2_T1_CsI7_E -60.8469 -0.0204954 3.40116e-06
MUST2_T1_CsI8_E -48.7229 -0.0226588 3.48769e-06
MUST2_T1_CsI9_E -164.444 0.00784142 1.48464e-06
MUST2_T1_CsI10_E -116.336 -0.00897538 2.82119e-06
MUST2_T1_CsI11_E -68.028 -0.0163728 3.01039e-06
MUST2_T1_CsI12_E -184.415 0.0104408 1.46289e-06
MUST2_T1_CsI13_E -132.562 -0.00503333 2.58276e-06
MUST2_T1_CsI14_E -194.983 0.0196401 4.96516e-07
MUST2_T1_CsI15_E -192.548 0.00591724 2.14068e-06
MUST2_T1_CsI16_E -57.3719 -0.0220556 3.54547e-06
