MUST2_T4_CsI1_E 257.485 -0.0906602 7.30701e-06
MUST2_T4_CsI2_E 219.902 -0.0749784 5.95013e-06
MUST2_T4_CsI3_E 242.927 -0.0750369 5.61982e-06
MUST2_T4_CsI4_E 1472.22 -0.374867 2.39208e-05
MUST2_T4_CsI5_E 566.023 -0.15381 1.04274e-05
MUST2_T4_CsI6_E 189.922 -0.0663956 5.35137e-06
MUST2_T4_CsI7_E 71.3877 -0.0379921 3.64488e-06
MUST2_T4_CsI8_E -15.7862 -0.0162592 2.29133e-06
MUST2_T4_CsI9_E 201.643 -0.0688598 5.47594e-06
MUST2_T4_CsI10_E 124.208 -0.0521725 4.59078e-06
MUST2_T4_CsI11_E -139.523 0.00642382 1.35695e-06
MUST2_T4_CsI12_E -134.455 0.00642612 1.28764e-06
MUST2_T4_CsI13_E 168.1 -0.0595087 4.83638e-06
MUST2_T4_CsI14_E 34.2645 -0.0248769 2.59801e-06
MUST2_T4_CsI15_E 90.668 -0.0360934 3.13055e-06
MUST2_T4_CsI16_E -33.0628 -0.0145912 2.3439e-06
