MUST2_T2_CsI1_E 398.296 -0.123364 9.19864e-06
MUST2_T2_CsI2_E 665.493 -0.184786 1.2716e-05
MUST2_T2_CsI3_E 703.516 -0.201785 1.42217e-05
MUST2_T2_CsI4_E 1208.58 -0.318819 2.0991e-05
MUST2_T2_CsI5_E 614.746 -0.171635 1.18695e-05
MUST2_T2_CsI6_E 195.175 -0.0617893 4.70795e-06
MUST2_T2_CsI7_E 197.851 -0.0676016 5.37374e-06
MUST2_T2_CsI8_E 66.1998 -0.0339652 3.23161e-06
MUST2_T2_CsI9_E 484.458 -0.141259 1.0102e-05
MUST2_T2_CsI10_E 495.083 -0.1444 1.03221e-05
MUST2_T2_CsI11_E 357.699 -0.111561 8.36009e-06
MUST2_T2_CsI12_E 182.864 -0.0652673 5.3159e-06
MUST2_T2_CsI13_E 457.996 -0.130885 9.22878e-06
MUST2_T2_CsI14_E 700.775 -0.194973 1.34391e-05
MUST2_T2_CsI15_E 108.93 -0.0553768 5.20039e-06
MUST2_T2_CsI16_E -23.0938 -0.0220876 3.10962e-06
