MUST2_T3_CsI1_E 687.791 -0.192512 1.33231e-05
MUST2_T3_CsI2_E 885.012 -0.240437 1.62344e-05
MUST2_T3_CsI3_E 916.722 -0.252551 1.72409e-05
MUST2_T3_CsI4_E 702.507 -0.197144 1.36697e-05
MUST2_T3_CsI5_E 375.965 -0.115089 8.51778e-06
MUST2_T3_CsI6_E 556.559 -0.158158 1.10838e-05
MUST2_T3_CsI7_E 247.375 -0.0830518 6.51657e-06
MUST2_T3_CsI8_E 322.242 -0.0978729 7.21494e-06
MUST2_T3_CsI9_E 680.219 -0.193702 1.3578e-05
MUST2_T3_CsI10_E 548.879 -0.158997 1.12969e-05
MUST2_T3_CsI11_E 391.274 -0.119054 8.76822e-06
MUST2_T3_CsI12_E 288.737 -0.0962641 7.51322e-06
MUST2_T3_CsI13_E 352.18 -0.108441 8.06029e-06
MUST2_T3_CsI14_E 246.055 -0.0851368 6.79052e-06
MUST2_T3_CsI15_E 300.473 -0.101193 7.93878e-06
MUST2_T3_CsI16_E 258.823 -0.0907126 7.2758e-06
